4 0.29360395616594015 0.004487722572821279 0.004114907495339577 0.0014183533965170176 -0.000028624760469649762 0.39221761603668803 0.28946042391013094 0.39528698521299227
4 0.001610409900430328 0.000477582989527964 0.0015365181074883391 0.000017491079411950037 0.00042655498434897456 0.00019575364709668977 0.0005004467772909634 0.0006558455572127037
4 0.6313571421875 0.32578125 0.0042366078125000445 0.32578125 0.004236607812500063 0.6331428578125 0.6313571421875 0.6331428578125
4 0.7288124999999999 0.9985848218750002 0.7281750140525098 0.6731451262222692 0.00420121020982933 0.6745632787478083 0.0048386961573193684 1.0000029744005394
4 0.7881339281249999 0.2606250000000001 0.63559375 0.2606250000000001 0.63559375 0.5085 0.7881339281249999 0.5085000000000001
4 0.861228603179095 0.21034475483919807 0.8003999765377042 0.20601273237260664 0.7908504593680222 0.3401034530463589 0.851679086009413 0.34443547551295034
4 0.792375 0.31728125000000007 0.7245758921875 0.31728125000000007 0.7245758921875 0.4518392859375001 0.792375 0.45183928593750017
4 0.8628015247679952 0.20797914304886755 0.7989700181990789 0.20450783288289348 0.7874202992971532 0.4168875750286188 0.8512518058660696 0.42035888519459286
4 0.8983260610177461 0.3440616344688448 0.8580491078124999 0.3371116078125001 0.8453167967947536 0.41089818740615547 0.88559375 0.4178482140625002
4 0.9715819126693448 0.27377137224156484 0.9183494516452528 0.26560409947689456 0.9001559311634081 0.3841854053603299 0.9533883921875 0.39235267812500024
4 0.9624728909798252 0.2752724289126469 0.9553253565094115 0.21953271116414222 0.9038703233420863 0.22613081818899533 0.9110178578125 0.28187053593750006
4 1 0.253540178125 0.9936428578125 0.21246428593750005 0.9696697404292147 0.21617450396970997 0.9760268826167147 0.2572503961572099
4 1.0016999536256745 0.25533379017009744 0.9978794640625003 0.15580803593749998 0.9530738025167412 0.15752798836214219 0.9568942920799156 0.2570537425947396
4 1 0.25495535781250006 0.966102678125 0.25495535781250006 0.966102678125 0.3640223218750001 1 0.3640223218750001
4 1 0.3928571421875001 0.625 0.3928571421875001 0.6250000000000001 0.9263392859374999 1 0.9263392859374999