8 0.44067857187500004 0.29768750000000005 0.3220357140625 0.2976875 0.32203571406250003 0.37716964218750004 0.44067857187500004 0.3771696421875001
8 0.5613166431655452 0.16450131635980697 0.4436643357683298 0.1521630320238977 0.4354318507015386 0.23066429178998787 0.553084158098754 0.24300257612589715
8 0.5617463904616116 0.44846737516353274 0.4449437876428301 0.430084145064151 0.4325491074746507 0.508836948403015 0.5493517102934321 0.5272201785023967
8 0.3232448346485069 0.16046753644785358 0.2046205246270097 0.15424742528108484 0.20038887281150092 0.2349496448085718 0.3190131828329981 0.24116975597534057
8 0.20613744722742983 0.08855059446169664 0.1954640334441533 0.008449364341855132 0.07775531400374994 0.024133940803507014 0.08842872778702643 0.10423517092334851
8 0.4430784126286779 0.0243179189473751 0.3251505513954663 0.008227245731436256 0.31438796951254544 0.08710575166883422 0.4323158307457572 0.10319642488477307
8 0.6807041630178575 0.027176942934580173 0.5655719586133062 0.005760586641782406 0.5506912971512555 0.08575754474711172 0.6658235015558068 0.1071739010399095
8 0.9241010894649389 0.026438739172658998 0.8015361790977653 0.005535070420502608 0.7880047909901464 0.0848739362539308 0.9105697013573198 0.1057776050060872
8 0.9788125000000001 0.15607142812500013 0.9152544640625001 0.15607142812500013 0.9152544640625001 0.2355491078125001 0.9788125000000001 0.2355491078125001
8 0.7966116078125001 0.15607142812500008 0.6779642859375 0.15607142812500008 0.6779642859375 0.2355491078125001 0.7966116078125001 0.2355491078125001
8 0.08474553593750003 0.156071428125 0.02542410781250003 0.156071428125 0.025424107812500034 0.2355491078125 0.08474553593750003 0.2355491078125
8 0.20702576226195676 0.30847969736506914 0.09189247020013058 0.287065193706234 0.07663576743715632 0.369091583068066 0.1917690594989825 0.3905060867269011
8 0.6779642859375 0.2976875000000001 0.559321428125 0.2976875000000001 0.559321428125 0.3771696421875001 0.6779642859375 0.3771696421875001
8 0.9175310111316245 0.30361747984621895 0.7985449846571523 0.2890830848661247 0.7887796554865021 0.3690270878206521 0.9077656819609743 0.38356148280074626
8 0.8042276027555474 0.4457126824045953 0.6848590942548594 0.43213974197888716 0.6759641266869144 0.5103673756710306 0.7953326351876023 0.5239403160967389
8 0.9887479486835169 0.44259814587747626 0.926214122139483 0.43096589479233954 0.912042065643466 0.5071534629773635 0.9745758921875 0.5187857140625003
8 0.3236111927046208 0.44137825579935697 0.20244962545844433 0.4338586010485009 0.19747902143729648 0.5139482053343707 0.31864058868347295 0.5214678600852268
8 0.08474553593750006 0.436415178125 0.02542410781250006 0.436415178125 0.02542410781250007 0.515897321875 0.08474553593750007 0.515897321875
8 0.20338839218750007 0.5780357140625 0.08050892812500007 0.5780357140625 0.08050892812500007 0.6575133921874999 0.20338839218750007 0.6575133921874999
8 0.44067857187500004 0.5780357140625 0.3220357140625001 0.5780357140625 0.3220357140625001 0.658959821875 0.44067857187500004 0.658959821875
8 0.6831878814458985 0.655955462939499 0.6802838533304496 0.57513570311459 0.5583880763620649 0.5795156810338213 0.5612921044775139 0.6603354408587303
8 0.919491071875 0.5780357140625002 0.8008482140625001 0.5780357140625002 0.8008482140625001 0.6575133921875002 0.919491071875 0.6575133921875002
8 0.9835894146091124 0.7176646441531911 0.9185603062642835 0.7138516918044574 0.9137833916551713 0.7953209757762664 0.9788125000000001 0.7991339281250001
8 0.7966116078125001 0.7196517859375 0.6779642859375001 0.7196517859375 0.6779642859375002 0.7991339281250001 0.7966116078125002 0.7991339281250002
8 0.5593214281250001 0.7196517859375 0.4406785718750001 0.7196517859375 0.4406785718750002 0.7991339281250001 0.5593214281250002 0.7991339281250001
8 0.3220357140625001 0.7196517859375 0.20338839218750007 0.7196517859375 0.20338839218750007 0.7991339281250001 0.3220357140625001 0.7991339281250001
8 0.08474553593750009 0.7196517859375 0.025424107812500096 0.7196517859375 0.025424107812500103 0.7991339281250001 0.08474553593750009 0.7991339281250001
8 0.2056192089429263 0.8678532185265029 0.08777844347355077 0.8532373968421808 0.07814973844501275 0.9308692943535503 0.19599050391438827 0.9454851160378723
8 0.4422006432008422 0.8635461135830346 0.321458115308973 0.8553023905008381 0.3158993435005943 0.9367195067025234 0.43664187139246347 0.9449632297847199
8 0.6860973875155997 0.8716935834510927 0.5684096671856249 0.851617441286202 0.5551141831347384 0.9295564793633856 0.6728019034647132 0.9496326215282764
8 0.9224280749687024 0.8679408072008657 0.8038811231373784 0.853237397033042 0.7938029776196869 0.9344929301099428 0.9123499294510109 0.9491963402777668