7 0.4406779642857143 0.29768786160714283 0.32203389732142856 0.29768786160714283 0.32203389732142856 0.3771676294642857 0.4406779642857143 0.3771676294642857
7 0.561318047016007 0.16450469227476097 0.44366621148503066 0.1521588414303274 0.43542834050154006 0.2306630007861834 0.5530801760325164 0.24300885163061695
7 0.5617465450213164 0.44846966624825385 0.4449435372457932 0.43008448399355775 0.4325478037457557 0.5088358902255181 0.5493508115212788 0.5272210724802142
7 0.3232436931249239 0.16046809561615702 0.20462289096037892 0.15424433551536737 0.20038860683753176 0.2349470250648898 0.3190094090020767 0.2411707851656794
7 0.20613926820010842 0.0885477953007954 0.19546338901101817 0.008447888045845089 0.07775468718779502 0.024136344165645616 0.0884305663768853 0.10423625142059592
7 0.4430777576741197 0.024315810794707984 0.32515081805857793 0.00822866468560767 0.3143904531459513 0.08710759664077204 0.4323173927614931 0.10319474274987235
7 0.6807060955888445 0.027178119979910216 0.5655723074653015 0.005760689244839063 0.5506913077571315 0.08575655283184798 0.6658250958806745 0.10717398356691912
7 0.9241010147878709 0.0264363012942121 0.8015319920371693 0.005535799976054356 0.7880028454689915 0.08487620661366509 0.9105718682196932 0.10577670793182282
7 0.9788135580357142 0.1560693660714287 0.9152542366071429 0.1560693660714287 0.9152542366071429 0.23554913392857155 0.9788135580357142 0.23554913392857155
7 0.7966101696428571 0.15606936607142868 0.6779661026785714 0.15606936607142866 0.6779661026785714 0.2355491339285715 0.7966101696428571 0.23554913392857152
7 0.08474576339285718 0.15606936607142857 0.025423727678571453 0.15606936607142857 0.02542372767857146 0.2355491339285714 0.08474576339285718 0.2355491339285714
7 0.2070274076543617 0.3084801408031953 0.09189361953081863 0.2870627100681243 0.07663468950730848 0.3690902155168519 0.19176847763085153 0.39050764625192297
7 0.6779661026785714 0.29768786160714295 0.5593220357142857 0.29768786160714295 0.5593220357142857 0.3771676294642859 0.6779661026785714 0.3771676294642859
7 0.9175311600220136 0.3036177721333466 0.7985445292565988 0.2890805717825768 0.7887769408719691 0.36902804478613466 0.907763571637384 0.38356524513690443
7 0.8042262475144802 0.44571165448691535 0.6848588298131021 0.43214194535734973 0.6759658608621908 0.5103699109852918 0.795333278563569 0.5239396201148575
7 0.9887486588795716 0.44259959584844044 0.9262142173150654 0.4309668008002931 0.9120418307569222 0.5071533299518528 0.9745762723214286 0.5187861250000001
7 0.32360816884820126 0.44137454681204613 0.20244714984010415 0.43386167048880137 0.19748089114863895 0.5139530945754777 0.3186419101567361 0.5214659708987224
7 0.0847457633928572 0.43641618303571433 0.025423727678571487 0.43641618303571433 0.02542372767857149 0.5158959553571428 0.0847457633928572 0.5158959553571428
7 0.20338983035714292 0.5780346830357143 0.08050847321428578 0.5780346830357143 0.0805084732142858 0.6575144508928572 0.20338983035714292 0.6575144508928572
7 0.44067796428571443 0.5780346830357143 0.3220338973214287 0.5780346830357143 0.3220338973214287 0.6589595357142857 0.44067796428571443 0.6589595357142857
7 0.6831850577186639 0.6559580681198369 0.6802836795966734 0.5751373718689784 0.5583894497921827 0.5795132467123961 0.5612908279141734 0.6603339429632546
7 0.9194915267857143 0.5780346830357143 0.8008474598214285 0.5780346830357143 0.8008474598214285 0.6575144508928572 0.9194915267857143 0.6575144508928572
7 0.9835912064439205 0.7176644150800858 0.9185606177002862 0.713850754963068 0.9137829692920801 0.7953192863115538 0.9788135580357145 0.7991329464285715
7 0.7966101696428571 0.7196531785714286 0.6779661026785714 0.7196531785714286 0.6779661026785714 0.7991329464285714 0.7966101696428571 0.7991329464285714
7 0.5593220357142858 0.7196531785714286 0.44067796428571443 0.7196531785714286 0.44067796428571443 0.7991329464285714 0.5593220357142858 0.7991329464285714
7 0.3220338973214287 0.7196531785714286 0.20338983035714292 0.7196531785714286 0.20338983035714295 0.7991329464285714 0.3220338973214287 0.7991329464285714
7 0.08474576339285723 0.7196531785714286 0.02542372767857152 0.7196531785714286 0.025423727678571522 0.7991329464285714 0.08474576339285723 0.7991329464285714
7 0.2056201169669344 0.8678540937901025 0.08777695851938765 0.85323981605561 0.07814982496310433 0.9308688200802948 0.19599298341065108 0.9454830978147875
7 0.44219867039004734 0.8635430257474368 0.3214561156905612 0.8553074167776096 0.31590308751182405 0.9367205595185316 0.4366456422113102 0.9449561684883588
7 0.6860945132830636 0.8716895252268361 0.5684082610136258 0.8516216428780484 0.5551185735150089 0.9295577942048829 0.6728048257844466 0.9496256765536705
7 0.9224278027612467 0.8679416473659468 0.8038786548803399 0.8532398166008611 0.793802255376334 0.9344915051826906 0.9123514032572408 0.9491933359477763