7 0.5837138841530501 0.3830171812759594 0.5118665992296534 0.2598504163904927 0.36345174637022876 0.3464257537403928 0.43529903129362557 0.4695925186258595
7 0.5183481169190929 0.06388244190111879 0.3586677146274123 0.05722909574863302 0.35466909765075394 0.1531959600616529 0.5143494999424345 0.15984930621413865
7 0.42540199606313134 0.28159302832509353 0.30919821157136335 0.19725157604324986 0.23078058857679493 0.30529363977682855 0.34698437306856295 0.38963509205867225
7 0.2017876277562718 0.2760255685749193 0.0070610629245010225 0.2683892369585063 0.0024155012768396072 0.386851125048728 0.19714206610861038 0.39448745666514096
7 0.40032998406987513 0.48798810343372817 0.3456709567130854 0.3814029901541972 0.1887898263653403 0.4618548443728319 0.24344885372213004 0.5684399576523629
7 0.34402381777973273 0.660657549092056 0.34102476173320395 0.5301985352347354 0.14314569673483005 0.5347474766134728 0.14614475278135883 0.6652064904707934
7 0.7562806531627648 0.7560081972496138 0.741751264711759 0.5525968584358482 0.5341743369521131 0.567423789099962 0.548703725403119 0.7708351279137277
7 0.6857853613364252 0.5475604302445946 0.6650836680226159 0.42778633614993716 0.5055711214912851 0.45535640330808796 0.5262728148050946 0.5751304974027454
7 0.6391936049938726 0.27209309288084077 0.45731990351116514 0.23380389363028153 0.44031080744734036 0.31459710217348663 0.6221845089300478 0.35288630142404587
7 0.7628783983433678 0.331378140543893 0.5852453558808522 0.30769372864392075 0.5682961989972746 0.43481237178861015 0.7459292414597901 0.4584967836885824
7 0.847457625 0.2288135580357144 0.6906779642857143 0.22881355803571438 0.6906779642857143 0.33192090178571443 0.847457625 0.33192090178571443
7 0.7703955414721274 0.10700430426308641 0.6078639090299299 0.09926470737777575 0.6029603532490725 0.20223944077077177 0.76549198569127 0.20997903765608242
7 0.272302260625 0.3686864404464285 0.25477401223214285 0.24598870169642853 0.0015677984821428428 0.28216101794642856 0.019096046875 0.40485875669642857
7 0.4159275504123002 0.8416833528257491 0.20983037162690305 0.798746436055081 0.17743379717678978 0.9542499770322157 0.38353097596218694 0.997186893802884
7 0.4788135580357143 0.9985875714285714 0.4777618650125855 0.9339085161570816 0.30412489374173257 0.9367318844093893 0.3051765867648614 1.001410939680879
7 0.5282539764589945 0.8344227761351687 0.40735854607460914 0.7328005197105494 0.32907744601930783 0.8259280255849031 0.44997287640369316 0.9275502820095224
7 0.10593220535714296 0.7796610178571429 9.556742330032296e-17 0.7796610178571429 1.0447551778525383e-16 0.9251412410714286 0.10593220535714297 0.9251412410714286