8 0.5837152439302284 0.3830180894610668 0.5118692102662292 0.25985037031611846 0.3634518554565823 0.3464249886008556 0.43529788912058154 0.4695927077458039
8 0.5183503677112042 0.06388347466594532 0.3586694188935128 0.05722790912509449 0.3546694158857848 0.15319635412458138 0.5143503647034764 0.1598519196654322
8 0.42540075554417794 0.2815921251079826 0.30919464579042233 0.19725146448356415 0.23077967972325872 0.3052930435472646 0.3469857894770144 0.3896337041716831
8 0.20178760170073548 0.27602833289909195 0.0070614092573334074 0.26838941071787803 0.002414402405833152 0.3868477388674188 0.19714059484923524 0.3944866610486327
8 0.4003297166548193 0.48798614658151285 0.34566925555599354 0.3814034292988869 0.18878814006747233 0.4618591948200623 0.24344860116629805 0.5684419121026884
8 0.34402369929352977 0.6606533722648795 0.3410187806020673 0.5301905683322825 0.14314314413631424 0.5347481907401848 0.1461480628277767 0.6652109946727818
8 0.7562796645393828 0.7560088814580304 0.7417525371168978 0.55259851289327 0.5341733739014014 0.5674233665895762 0.5487005013238864 0.7708337351543366
8 0.6857869614248302 0.5475641223711925 0.6650927128865511 0.42779171232110824 0.505576017573754 0.4553529690197718 0.5262702661120331 0.575125379069856
8 0.6391937412044453 0.2720913879896622 0.457316813315948 0.23380787958852176 0.44031077008598246 0.3146000281501455 0.6221876979744797 0.35288353655128596
8 0.7628780416599235 0.3313764233201614 0.5852456065327291 0.30769272396360275 0.5682964643499367 0.4348146466801531 0.7459288994771311 0.4584983460367117
8 0.847459821875 0.22881250000000009 0.690678571875 0.22881250000000009 0.690678571875 0.3319196421875001 0.847459821875 0.3319196421875001
8 0.7703934143646181 0.10699937505890711 0.6078621990397076 0.09926910944397829 0.6029645373710598 0.20224395441156462 0.7654957526959703 0.2099742200264934
8 0.2723078151999206 0.36867521856516566 0.2547733562090483 0.24598016770325432 0.0015623628381827071 0.2821667762755628 0.019096821829054984 0.40486182713747415
8 0.415929259336162 0.8416838840206415 0.20983215500710553 0.7987464212772014 0.17743465397327426 0.9542523763092168 0.38353175830233077 0.997189839052657
8 0.4788125 0.9985892859375001 0.4777603575033519 0.9339066442071295 0.30412458831537914 0.9367310429455487 0.30517673081202734 1.0014136846759192
8 0.5282546135855991 0.8344226162911996 0.4073586786739888 0.7327991455855297 0.32907831730975823 0.825925048554905 0.4499742522213685 0.9275485192605748
8 0.1059330359375001 0.7796607140625 9.556728111281567e-17 0.7796607140625 1.044754931966423e-16 0.9251428578124999 0.10593303593750011 0.9251428578124999