5 0.6926729606526776 0.407922959882329 0.29862369951205114 0.2544665705806201 0.23278291487381705 0.42353422985289735 0.6268321760144435 0.5769906191546063
5 0.6029112561280666 0.5688566129086189 0.32885737334785325 0.34544193407578433 0.1700434025263638 0.5402527028701586 0.4440972853065771 0.7636673817029932
5 0.9436322859756343 0.6637944134374878 0.6704545212925482 0.4294903394751525 0.4261506887993017 0.7143269355078126 0.6993284534823877 0.9486310094701478
5 0.0008957066422487505 0.001236064397625971 0.000291760679441128 0.0011013775831489098 0.0002086336119406693 0.0014741257026427378 0.0008125795747482917 0.001608812517119799
5 0.8510133596313068 0.2771653489584141 0.5031303126123415 0.04715544093914796 0.3701150162726515 0.24833706389299928 0.7179980632916168 0.4783469719122654
5 0.3653318178894279 0.23708172684679701 0.16025137053485156 0.12196687625689799 0.0119818003281837 0.38611341887268075 0.21706224768276003 0.5012282694625798
5 0.2510168811442164 0.43864751512225714 0.004345434908052356 0.43453370438521466 -0.00009298694561477028 0.7006694134959806 0.24657845929054928 0.704783224233023
5 0.7942857140624999 7.846486994413414e-17 0.42000000000000004 5.554647985947304e-17 0.42000000000000004 0.18341071406250006 0.7942857140624999 0.1834107140625001
5 0.44571428593749995 0.30023214218750005 0.44184823563199593 0.07893103608014224 0.31715155323383776 0.08110944203373413 0.32101760353934183 0.302410548141092
5 0.403035782931733 0.07093928634506311 0.2870444378177073 -0.013619533101389103 0.1627788782459343 0.15683849245329243 0.27877022335996 0.24139731189974464
5 0.0016483505858366262 0.0011281234956935257 0.0013727678564453127 0.0009345772875976564 0.0011112922090773885 0.001306882037351889 0.0013868749384687022 0.0015004282454477585
5 0.8723398366822798 0.554381107230639 0.8671919945774451 0.29337754936931804 0.6470011724999065 0.29772043110731794 0.6521490146047413 0.5587239889686388