7 0.5182562030378757 0.8040319053759039 0.5167790560657641 0.7397759747383165 0.21967650406389286 0.7466059144923826 0.22115365103600437 0.8108618451299698
7 0.5127118660714286 0.3107344642857143 0.22033898214285721 0.3107344642857143 0.22033898214285721 0.7570621473214285 0.5127118660714287 0.7570621473214285
7 0.5635597713082255 0.7998500459120443 0.5059570907137408 0.735986199909174 0.4007313985408895 0.8308956411021443 0.45833407913537416 0.8947594871050146
7 1.0000000000000002 0.6059322053571429 0.9954141039047137 0.5172715877779963 0.917597748554565 0.5212965735032661 0.9221836446498514 0.6099571910824125
7 0.6101694910714286 0.693502825892857 0.5778356523775885 0.5927704762225192 0.3621748415666558 0.6619949298579614 0.3945086802604959 0.7627272795282993
7 0.0045462266380900205 0.0020039663404566215 0.004205730294147119 0.0018778565627727416 0.004104872887436225 0.0021501715162627554 0.004445369231379126 0.002276281293946636
7 0.0045157980153864965 0.0011788782753640937 0.004090106010881436 0.0010767122186811117 0.004018103267410878 0.0013767237214540454 0.004443795271915937 0.0014788897781370274
7 0.8399044273303223 0.22240481089759248 0.8381760904490035 0.15759213960866372 0.690051667905345 0.16154212187933709 0.6917800047866639 0.22635479316826582
7 0.7180205952563561 0.10070705156671993 0.6290709724151443 0.09457259192180367 0.6241032302730999 0.16660481896130006 0.7130528531143117 0.17273927860621632
7 0.7616896019211576 0.03453608721824279 0.7605932187500001 0 0.6609828221178733 0.0031622332272228265 0.6620792052890309 0.037698320445465616
7 0.7245762723214285 0.7372881339285715 0.6059322053571429 0.7372881339285715 0.6059322053571429 0.8742937857142856 0.7245762723214285 0.8742937857142856
7 0.9600912656471684 0.8454193806732251 0.8180182520070162 0.7952759656481617 0.7785397645535505 0.9071316835657652 0.9206127781937027 0.9572750985908286