2 0.5361702142857143 0.18333333482142858 0.5175898052080987 0.13736235176415681 0.3492236251774448 0.20541207121235075 0.3678040342550605 0.25138305426962254
2 0.5361702142857143 0.18333333482142858 0.5175898052080987 0.13736235176415681 0.3492236251774448 0.20541207121235075 0.3678040342550605 0.25138305426962254
2 0.6525733538432643 0.14946432329395076 0.6416593274938993 0.05868676916802134 0.37680508604128865 0.09052973076560855 0.38771911239065354 0.181307284891538
2 0.8638297857142857 0.16515151339285725 0.7680851071428572 0.16515151339285722 0.7680851071428572 0.2500000000000001 0.8638297857142857 0.2500000000000001
2 0.8776944960145178 0.14071681343409342 0.8542098790730981 0.0152876006358945 0.7275850809238144 0.03899607184032537 0.751069697865234 0.1644252846385243
2 0.19787233928571432 0.3909090892857144 0.1123904866209118 0.3892638608177705 0.11063829910714293 0.48030303125000007 0.19612015177194544 0.48194825971794397
2 0.23073581355270753 0.3769751295507043 0.22824126618524426 0.22634695599091592 0.10426879627361933 0.22840005927928056 0.1067633436410826 0.3790282328390689
2 0.6744680848214285 0.36363636160714297 0.5617021294642857 0.36363636160714297 0.5617021294642857 0.443939392857143 0.6744680848214285 0.443939392857143
2 0.7096165480529756 0.24778003941549312 0.5753605206872383 0.21950057187240293 0.5491485821180376 0.34394105988701895 0.6834046094837749 0.3722205274301092
2 0.9624819907413296 0.5219315326194539 0.8213245360503147 0.5196977274329853 0.8203486440342564 0.5813657877788534 0.9615060987252714 0.5835995929653219
2 0.9191489374999999 0.5015151517857143 0.8901669384064227 0.3501647436061468 0.75545475538146 0.3759606989212535 0.7844367544750372 0.527311107100821
2 0.32892738159621515 0.8149358041194628 0.286887482319998 0.7661679655056044 0.16428167779255595 0.8718592534428253 0.206321577068773 0.9206270920566837
2 0.36414083540636794 0.7914471104393813 0.3512338226982595 0.6355743636883444 0.19809901208737885 0.6482546621228445 0.21100602479548725 0.8041274088738816