4 0.5361696421875001 0.18333482187500003 0.5175907064696249 0.13736583719441736 0.3492235724952514 0.2054135041343848 0.36780250821312654 0.2513824888149675
4 0.5361696421875001 0.18333482187500003 0.5175907064696249 0.13736583719441736 0.3492235724952514 0.2054135041343848 0.36780250821312654 0.2513824888149675
4 0.6525729771929295 0.14946484301499402 0.6416590525053503 0.058685336372400886 0.37680328561628146 0.09052749987169093 0.38771721030386075 0.18130700651428405
4 0.8638303578125001 0.16515178593750007 0.7680848218749999 0.16515178593750007 0.7680848218749999 0.2500000000000001 0.8638303578125001 0.2500000000000001
4 0.8776933632879664 0.1407224338240799 0.854212872465711 0.015287824485376222 0.7275899107130633 0.038990766655758936 0.7510704015353187 0.1644253759944626
4 0.19787053593750004 0.39091071406250005 0.11238849341074672 0.38926738699007496 0.11063839218750007 0.48030357187500006 0.1961204347142534 0.48194689894742515
4 0.23073318541902577 0.3769751498571364 0.22824159225388393 0.22634761838307854 0.1042721802023727 0.22839824841552647 0.10676377336751453 0.3790257798895843
4 0.6744687500000001 0.36363839218750005 0.5617008921875 0.36363839218750005 0.5617008921875 0.4439375 0.6744687500000001 0.4439375
4 0.7096192658603455 0.24778444922924905 0.5753629911588525 0.21949915113543356 0.5491462320330899 0.3439370977781402 0.683402506734583 0.3722223958719556
4 0.962479854947506 0.5219328058636912 0.8213246165503006 0.5197016497797724 0.8203498688932124 0.5813695621706231 0.9615051072904176 0.583600718254542
4 0.9191473218749998 0.5015133921875001 0.890171480403327 0.350168093995877 0.7554550353126289 0.37596025538587285 0.7844308767843018 0.527305553577496
4 0.32892708270789756 0.8149373732913734 0.28688826117496774 0.7661694332204648 0.16427969029898062 0.8718601764006937 0.20631851183191047 0.9206281164716023
4 0.3641402208417499 0.7914454441258447 0.35123343298495546 0.635575243482958 0.1980989046222561 0.6482555047707196 0.21100569247905052 0.8041257054136063