4 0.3728813571428572 0.34848484821428577 0.28813559375 0.34848484821428577 0.28813559375000003 0.6212121205357143 0.37288135714285725 0.6212121205357143
4 0.9366473279989431 0.10634730995189345 0.7207780129333596 0.10526926957143472 0.7163102435117797 0.9999058178768567 0.9321795585773632 1
4 0.6231530409560841 0.9959854936537352 0.6181465446409848 0.8027687110416527 0.46321384297061485 0.8067832173879176 0.4682203392857142 1
4 0.6228813571428571 0.3106060625000001 0.47033898214285713 0.31060606250000006 0.4703389821428572 0.6174242410714286 0.6228813571428571 0.6174242410714286
4 0.4661016964285715 0.8106060625 0.3983050848214287 0.8106060625 0.3983050848214287 0.9962121205357143 0.4661016964285715 0.9962121205357143
4 0.3983050848214287 0.8030303035714285 0.31355932142857157 0.8030303035714285 0.31355932142857157 0.9962121205357143 0.3983050848214287 0.9962121205357143
4 0.31355932142857157 0.7954545446428571 0.203389830357143 0.7954545446428571 0.203389830357143 0.9962121205357143 0.31355932142857157 0.9962121205357143
4 0.3035107352387261 0.29390642941736067 0.145972496793518 0.2856456839468783 0.1299159794660292 0.5918547863064776 0.2874542179112374 0.60011553177696
4 0.7162724046532478 0.5448818301476812 0.7139815813760297 0.19674664611900936 0.6207154299753056 0.19736036251541855 0.6230062532525237 0.5454955465440904
4 0.7161016964285715 0.7954545446428571 0.6186440669642856 0.7954545446428571 0.6186440669642856 0.9962121205357143 0.7161016964285715 0.9962121205357143
4 0.4784038719760911 0.3942953851693093 0.41571564530725663 0.39210395244787893 0.40721520578680054 0.6352679219514824 0.469903432455635 0.6374593546729128
4 0.4152542366071429 0.3787878794642857 0.3728813571428572 0.3787878794642857 0.37288135714285725 0.6287878794642857 0.41525423660714295 0.6287878794642857
1 0.3121875 0.23937499999999998 0.2664285714285714 0.09406250000000001
1 0.07562500000000001 0.2641071428571428 0.09361607142857142 0.141875
1 0.3290625 0.6934375 0.2554910714285714 0.14013392857142856