4 0.37287946406250005 0.34848660781250007 0.288133928125 0.3484866078125 0.28813392812500005 0.6212142859374999 0.37287946406250005 0.6212142859374999
4 0.9366485724677902 0.10634916555964928 0.7207782409215714 0.10527129634238944 0.7163112119160222 0.9999058373546295 0.9321815434622411 1.0009837065718892
4 0.6231493076917884 0.9959878731699717 0.6181456758596318 0.8027697863342352 0.46321511816784333 0.8067819131642636 0.46821875 1.0000000000000002
4 0.6228794640624999 0.3106071421875001 0.47033928593749996 0.3106071421875001 0.47033928593749996 0.6174241078125 0.6228794640624999 0.6174241078125
4 0.4661026781250002 0.8106071421875001 0.3983035718750001 0.8106071421875001 0.3983035718750001 0.9962142859374999 0.4661026781250002 0.9962142859374999
4 0.3983035718750001 0.8030312500000001 0.3135580359375001 0.8030312500000001 0.3135580359375001 0.9962142859374999 0.3983035718750001 0.9962142859374999
4 0.3135580359375001 0.7954553578125 0.20338839218750007 0.7954553578125 0.20338839218750007 0.9962142859374999 0.3135580359375001 0.9962142859374999
4 0.3035118670429524 0.29390838540812886 0.14597196495452863 0.2856459754531454 0.12991238454944343 0.5918550280640388 0.28745228663786715 0.6001174380190223
4 0.7162735533949116 0.5448821190401106 0.7139806718725942 0.19674550669439345 0.6207116075859667 0.19735979116354394 0.623004489108284 0.5454964035092611
4 0.7161026781250002 0.7954553578125 0.6186428578125002 0.7954553578125 0.6186428578125002 0.9962142859374999 0.7161026781250002 0.9962142859374999
4 0.47840279774991873 0.39429344649602494 0.4157158613944338 0.39210245172752095 0.40721695368275 0.6352661938195431 0.46990389003823496 0.637457188588047
4 0.4152544640625 0.37878571406250006 0.37287946406250005 0.37878571406250006 0.37287946406250005 0.6287857140625001 0.4152544640625 0.6287857140625001