6 0.27452720802723307 0.18479537813832386 0.08528243215598984 0.17191297226029917 0.0765091385041686 0.30079417709981765 0.2657539143754118 0.31367658297784234
6 0.712133179229059 0.18938948241670184 0.5226400114967129 0.17756477227086384 0.5146667939067893 0.30533705924448473 0.7041599616391354 0.31716176939032276
6 0.2742095486821735 0.3794661922284092 0.08456484385829188 0.36796204743084315 0.07685971904047074 0.49498027846145476 0.2665044238643523 0.5064844232590209
6 0.49140621135212825 0.3754989237857344 0.2986713875114314 0.3687313686919349 0.294189076812852 0.49638416958032117 0.4869239006535488 0.5031517246741206
6 0.7074720281281707 0.3754283805953989 0.5168395580164991 0.3687337590593245 0.5123544635051556 0.496448916783245 0.7029869336168273 0.5031435383193194
6 0.4932774260795207 0.18862708846306647 0.3014588385304161 0.1751545373654142 0.2924652690695887 0.3032025795288088 0.48428385661869333 0.31667513062646113
6 0.9247704606470372 0.19075829203480113 0.7337346514552696 0.17337549568044747 0.7221957080780159 0.30018773810423605 0.9132315172697835 0.3175705344585897
6 0.27265272771724486 0.5724005004256973 0.08190135036477389 0.5670974030688292 0.0783912232935674 0.6933559890341947 0.26914260064603834 0.6986590863910628
6 0.2733274562239009 0.7452876044202137 0.08199739626414443 0.7397372513325468 0.07833456928367113 0.8660010934209701 0.26966462924342766 0.8715514465086371
6 0.7105618274849008 0.5723995867622809 0.5198149107473166 0.5670966134153955 0.5163047871237235 0.6933550753707782 0.7070517038613078 0.6986580487176636
6 0.927303571875 0.7420133921875002 0.7375892859375002 0.7420133921875002 0.7375892859375002 0.8692321421875 0.927303571875 0.8692321421875
6 0.498227678125 0.5692321421875 0.3067366078125001 0.5692321421875 0.3067366078125001 0.6964508921875 0.498227678125 0.6964508921875