6 0.2745280498458579 0.18479991212681776 0.08528643189430697 0.17191232856808952 0.07650959164909092 0.30079168294341685 0.26575120960064186 0.313679266502145
6 0.712135398130533 0.18939079991966676 0.5226404118776617 0.17756136587396973 0.5146640717038207 0.30533387517166055 0.7041590579566918 0.3171633092173575
6 0.2742099206869753 0.37946792427284326 0.08456770866855041 0.36796086545509044 0.07686040926463238 0.4949810997996243 0.2665026212830573 0.5064881586173772
6 0.4914071988795377 0.375500076315962 0.29867364571733185 0.36872948688907703 0.29418928463162475 0.49638260410198914 0.4869228377938306 0.5031531935288741
6 0.7074723112523983 0.37542911587784145 0.5168417968692745 0.3687324037849695 0.512355249830636 0.4964477300403867 0.7029857642137598 0.5031444421332586
6 0.4932786756077049 0.19187349637625348 0.3014619956621046 0.1783967593332437 0.29246536520239846 0.3064473237963519 0.4842820451479987 0.31992406083936176
6 0.9247699125826058 0.19075904433221652 0.7337362975853694 0.17337180640372246 0.7221941213891654 0.30018571743225164 0.9132277363864018 0.31757295536074565
6 0.2726530352402139 0.5724002141448429 0.08190362247041565 0.5670953440235994 0.0783922919836622 0.6933537090883287 0.26914170475346044 0.698658579209572
6 0.27332798020941634 0.7452872162749807 0.08199974583749318 0.7397349023948211 0.07833559649380516 0.8659985178053227 0.2696638308657283 0.8715508316854824
6 0.7105634119959463 0.572399299545232 0.519813999226148 0.5670944294239887 0.5163026687393947 0.693352794488718 0.707052081509193 0.6986576646099613
6 0.9256820057562635 0.7436347169255179 0.7359656932562635 0.7436347169255179 0.7359656932562635 0.870853649961232 0.9256820057562635 0.870853649961232
6 0.49822695089285723 0.5692307678571429 0.30673758928571443 0.5692307678571429 0.30673758928571443 0.6964497053571429 0.49822695089285723 0.6964497053571429