5 0.42166517812500004 0.023334821875000043 0.21333482187500002 0.02333482187500003 0.21333482187500002 0.18583482187500006 0.42166517812500004 0.18583482187500006
5 0.6535498768706733 0.18561259517828763 0.6508334635736055 0.019984134468324075 0.43405812186074255 0.02353938951435385 0.4367745351578104 0.18916785022431742
5 0.905 0.013334821875000102 0.6966651781250001 0.013334821875000088 0.6966651781250001 0.17583482187500007 0.905 0.17583482187500007
5 1 0.011665178125000121 0.9266651781249999 0.011665178125000116 0.9266651781249999 0.17250000000000015 1 0.17250000000000015
5 0.17003164500015527 0.21441177495127314 0.005000000000000025 0.208334821875 -0.0009823983591657538 0.3707986470630066 0.1640492466409895 0.37687560013927973
5 0.4245562191653419 0.22920925876776904 0.22438966329898608 0.2225340606763037 0.21950033240093267 0.369148515100604 0.4196668882672884 0.3758237131920693
5 0.6533348218749999 0.21166517812500008 0.443334821875 0.21166517812500008 0.443334821875 0.37083482187500005 0.6533348218749999 0.37083482187500005
5 0.9146161144268694 0.26422435907919073 0.7034756240581347 0.26151742971548897 0.702166355793447 0.363640354361134 0.9133068461621816 0.36634728372483577
5 1 0.3933348218750001 0.9400000000000001 0.3933348218750001 0.9400000000000001 0.5558348218750002 1 0.5558348218750002
5 0.9234048950234548 0.5573923928178856 0.9216460950265175 0.3928007338353222 0.7182989051381097 0.39497366920254406 0.7200577051350469 0.5595653281851074
5 0.63668818683423 0.4030827815260708 0.4213249618142253 0.3985047647175943 0.4179122233180498 0.559049908921834 0.6332754483380545 0.5636279257303105
5 0.4016182400995641 0.40382702002688947 0.20858161718722878 0.39667432277395415 0.20256181118455605 0.5591365353143322 0.3955984340968914 0.5662892325672675
5 0.1769428558425042 0.40094403638424375 0.0008303497852027167 0.39999550365832304 -0.000030409867521578523 0.5598113280487249 0.17608209618977988 0.5607598607746456
5 0.1666651781250001 0.591665178125 8.148985679948471e-17 0.591665178125 9.087890673983711e-17 0.745 0.1666651781250001 0.745
5 0.4038541673835395 0.5922875854088165 0.19416223034539454 0.5897867937509513 0.19226210571378072 0.7491126669654842 0.40195404275192564 0.7516134586233495
5 0.6422318701223494 0.5942462471580177 0.4173670340650252 0.5909714881400066 0.4150642692947407 0.7490932979283408 0.639929105352065 0.752368056946352
5 0.923334821875 0.5883348218750001 0.7166651781250001 0.588334821875 0.7166651781250002 0.749165178125 0.923334821875 0.7491651781250002
5 1 0.5883348218750002 0.936665178125 0.5883348218750002 0.936665178125 0.7483348218750001 1 0.7483348218750001
5 1.005327413984462 0.7843427585911489 0.9219741949223088 0.7815643179557437 0.9166467809378471 0.9413867374895949 1.0000000000000002 0.944165178125
5 0.9001449136818087 0.7808368814226927 0.6935049490377562 0.7763427458707176 0.6898928590575925 0.9424263312810695 0.896532823701645 0.9469204668330446
5 0.6733348218750002 0.780834821875 0.4566651781250002 0.780834821875 0.4566651781250002 0.940834821875 0.6733348218750002 0.940834821875
5 0.43845166520015244 0.7856357610259723 0.22850117280679544 0.7831385826883552 0.22665050890741564 0.9387333157822553 0.43660100130077273 0.9412304941198724
5 0.1666651781250001 0.776665178125 9.526713328989246e-17 0.776665178125 1.0531962472667236e-16 0.940834821875 0.16666517812500012 0.940834821875
5 0.14680375045469354 0.025566261301234367 0.0025664593988468792 0.023241864187046983 2.2898349882893852e-17 0.18249999999999997 0.14423729105584668 0.18482439711418736