5 0.5530777016618861 0.47147280331779634 0.2420953294161193 0.44813982277001524 0.22541245969235352 0.6704894018107067 0.5363948319381203 0.6938223823584878
5 0.1840951677780423 0.33373149406485686 0.18170374122526772 0.20942567382277658 -0.0005212685190591766 0.21293136427261658 0.001870158033715387 0.33723718451469686
5 0.14361607187500006 0.4614375 5.712047897209828e-17 0.4614375 6.978217876890771e-17 0.6682187500000001 0.14361607187500008 0.6682187500000001
5 0.05979228919584423 0.9891700420293137 0.05713273519375382 0.8090611030396818 -0.0008872321270904038 0.8099178469478684 0.001772321875000002 0.9900267859375003
5 0.4769508921875002 0.8523928578125 0.2588660718750001 0.8523928578125 0.2588660718750001 0.999334821875 0.4769508921875002 0.999334821875
5 1 0.6409553578125002 0.852834821875 0.6409553578125002 0.852834821875 0.9235357140625 1 0.9235357140625
5 0.8631951616072546 0.6024789022835113 0.7014512427748115 0.47666298711249555 0.5639951397745318 0.6533710668215003 0.725739058606975 0.779186981992516
5 0.7514052814720407 0.21480250381240723 0.654963253732966 0.1769195211629334 0.5733803901153247 0.3846121642910474 0.6698224178543992 0.42249514694052126
5 0.550664922450426 0.12118493455025844 0.5362228219366064 -0.003428227611407109 0.30361153403058355 0.023530366025993305 0.3180536345444033 0.14814352818765886
5 0.5095159632158515 0.30870334586402803 0.3777361016602539 0.1762974567291497 0.29942877718412336 0.25423453676145646 0.43120863873972093 0.3866404258963348
5 0.184305442880432 0.010782980264429453 0.1508892067945379 -0.010726653740564418 0.061590534610713996 0.12800306667953784 0.09500677069660808 0.1495127006845317
5 0.9674617667105728 0.14131212445383728 0.8444458478316422 -0.026923800241343488 0.7895467000159877 0.013219047527046524 0.9125626188949184 0.1814549722222273
5 0.6471651781250001 7.82232208198913e-17 0.6294330359375 7.713744026129392e-17 0.6294330359375 0.1323125000000001 0.6471651781250001 0.1323125000000001
5 0.9883045578473444 0.4307229946654589 0.9246473218749998 0.2539910718749999 0.900339602283803 0.26274649204773814 0.9639968382561477 0.4394784148381971
5 0.7836875000000001 0.999334821875 0.7830020438130879 0.9627928734624891 0.6412580783888074 0.9654517157595865 0.6419435345757196 1.0019936641720975