5 0.6239491154430904 0.27620877610562633 0.4222583293199329 0.2708471103478352 0.41516437498843234 0.5377017205523276 0.6168551611115898 0.5430633863101186
5 0.6716988146919449 0.35195144558427494 0.6676754010918093 0.04924345762669051 0.4831246657869347 0.051696395665592476 0.48714807938707017 0.3544043836231769
5 0.8748099962911612 0.2830149026987854 0.6923478842080314 0.17610537403111567 0.5615378879168702 0.39935832914483027 0.744 0.5062678578125
5 0.9931168153731489 0.19862982062845283 0.7709523923523028 0.003751515960885321 0.6259409256750564 0.1690669361699913 0.8481053486959025 0.3639452408375588
5 0.9943591230737117 0.3646120595948856 0.7556560672246376 0.3498740540092852 0.7320629332645082 0.7319985647261161 0.9707659891135823 0.7467365703117165
5 0.7884779937653853 0.8070636751599227 0.7260757460407835 0.41584243589822706 0.5227489570089001 0.448274337300513 0.5851512047335019 0.8394955765622086
5 0.5860000000000001 0.526647321875 0.3440000000000001 0.526647321875 0.3440000000000001 0.9279017859375 0.5860000000000002 0.9279017859375
5 0.3217587097978843 0.5567194616158364 0.12802237007818373 0.5509704755293355 0.11625560416021533 0.9475012941789966 0.30999194387991585 0.9532502802654976
5 0.40529587267373374 0.37543849377974386 0.21943222958723502 0.3717329661090559 0.2117338993470052 0.7578695251342423 0.3975975424335039 0.7615750528049303
5 0.4809583211219355 0.3043362978585494 0.4722856435986893 0.03246334636479333 0.2991617564027719 0.03798595402756973 0.30783443392601806 0.3098589055213257
5 0.4493632708198138 0.2142686055113006 0.24907516964019233 0.17939701563872384 0.20810996746912433 0.4146843250864315 0.40839806864874584 0.44955591495900815
5 0.21400000000000005 0.2194375 0.03200000000000004 0.2194375 0.03200000000000007 0.5940446421875001 0.2140000000000001 0.5940446421875001