7 0.1984375 0.04765625 0.103125 0.0484375
7 0.48984375 0.0890625 0.1234375 0.125
7 0.7109375 0.09375 0.084375 0.05625
7 0.9171875 0.09296875 0.06875 0.0875
7 0.91171875 0.19921875 0.0796875 0.078125
7 0.50703125 0.20859375 0.065625 0.0796875
7 0.7109375 0.321875 0.075 0.0953125
7 0.72265625 0.21328125 0.06875 0.0703125
7 0.71484375 0.4421875 0.0828125 0.0734375
7 0.5015625 0.325 0.0578125 0.084375
7 0.92109375 0.56328125 0.0578125 0.06875
7 0.91015625 0.6734375 0.0546875 0.0625
7 0.71796875 0.803125 0.0640625 0.065625
7 0.50546875 0.8015625 0.06875 0.0609375
7 0.51328125 0.92109375 0.053125 0.065625
7 0.72265625 0.92578125 0.053125 0.053125
7 0.4984375 0.565625 0.0640625 0.05
7 0.7078125 0.55078125 0.059375 0.0625
7 0.4953125 0.44296875 0.0578125 0.08125