7 0.25390625 0.98515625 0.1125 0.0265625
7 0.5671875 0.93671875 0.1390625 0.1140625
7 0.8078125 0.9375 0.09375 0.0609375
7 0.99453125 0.9375 0.0109375 0.09375
7 0.9875 0.82421875 0.025 0.084375
7 0.58125 0.81640625 0.0734375 0.0859375
7 0.79609375 0.69296875 0.0859375 0.103125
7 0.81484375 0.809375 0.0765625 0.0765625
7 0.79296875 0.56328125 0.09375 0.0796875
7 0.5703125 0.69140625 0.0671875 0.090625
7 0.9859375 0.43203125 0.028125 0.071875
7 0.97890625 0.31640625 0.0421875 0.0671875
7 0.77578125 0.1765625 0.0734375 0.0703125
7 0.54765625 0.18125 0.078125 0.065625
7 0.5484375 0.05234375 0.0609375 0.0703125
7 0.775 0.0453125 0.059375 0.05625
7 0.553125 0.43359375 0.071875 0.0546875
7 0.7796875 0.44765625 0.0671875 0.065625
7 0.55625 0.565625 0.0671875 0.0859375