3 0.4011168963177657 0.22033135890659844 0.40035277979790956 0.16525671414640816 0.24941855382358954 0.1673508054652149 0.2501826703434457 0.2224254502254052
3 0.5974576249999999 0.17962962946428568 0.5968225888394899 0.12804641899621808 0.4402490419646676 0.1299739815333807 0.4408840781251776 0.18155719200144832
3 0.7176027276057896 0.06782657991163606 0.5397843771429375 0.05779907121718601 0.5372154984655586 0.10335313483056595 0.7150338489284108 0.11338064352501598
3 0.30508474553571435 0.25000000000000006 0.30435313018196924 0.19559388185864499 0.16514545193092253 0.19746584917127435 0.16587706728466758 0.2518719673126294
3 0.23728813392857143 0.27962962946428577 0.11793645853819677 0.18600713808626543 0.057338330049422646 0.2632587477604164 0.1766900054397973 0.35688123913843667
3 0.3093220357142857 0.2981481473214286 0.2947335861381099 0.24807762099155006 0.1804726759958343 0.2813684539090355 0.19506112557201008 0.331438980238914
3 0.402134343244022 0.33183142870663607 0.3856255535738792 0.26645274075882314 0.2653013006295691 0.2968358494816577 0.2818100902997119 0.36221453742947063
3 0.5211864419642857 0.37222222321428566 0.5081514585076919 0.31257060671354703 0.37891974538110434 0.3408101304932837 0.39195472883769816 0.4004617469940223
3 0.6610169508928573 0.4240740758928571 0.6485291984725547 0.3645455846688811 0.5148305089285715 0.39259259375 0.527318261348874 0.452121084973976
3 0.7711864419642858 0.5092592589285715 0.758620232744646 0.44216848435729733 0.6080508482142858 0.4703703705357144 0.6206170574339256 0.5374611451069886
3 0.8235275159705341 0.572653330392364 0.6442196282685375 0.5475767860161687 0.6335915669747695 0.6235719148650194 0.812899454676766 0.6486484592412147
3 0.7725525606686132 0.6798002125269466 0.5814666202078846 0.6559397494482153 0.5705376717311543 0.743463968531138 0.7616236121918829 0.7673244316098693
3 0.690186771886043 0.7996557409272916 0.4895718253507323 0.7633759558558718 0.4704276138103096 0.8692369736949246 0.6710425603456205 0.9055167587663444