2 0.4451297952826362 0.10830120517706718 0.16078268017070824 -0.01670029519788757 0.0627675343452196 0.20625962023634914 0.34711464945714754 0.3312611206113039
2 0.3642544963534201 0.36792520024640635 0.07260530917524388 0.23719791809025698 -0.031252060798300715 0.46890102577872794 0.2603971263798755 0.5996283079348773
2 0.7572114934144624 0.22132623617056052 0.46080852762852204 0.10332551032825799 0.36682019719924897 0.3394123622492857 0.6632231629851894 0.45741308809158826
2 0.8453392859375001 1.0352420507168686e-16 0.5381339281249999 8.471330216538708e-17 0.5381339281249999 0.15812053593750006 0.8453392859375001 0.15812053593750008
2 1 1.1455122001022333e-16 0.847459821875 1.052108279661159e-16 0.847459821875 0.2542723218750001 1 0.2542723218750001
2 1 0.2564107140625001 0.7372901781250001 0.2564107140625001 0.7372901781250001 0.5363258921875003 1 0.5363258921875003
2 0.9890899000169858 0.6073550282206203 0.6617322460173989 0.4946157959270353 0.5723277322560338 0.7542171014040782 0.8996853862556209 0.8669563336976631
2 0.6542343251103888 0.4876073041895778 0.3615200622219013 0.3708888089456424 0.2653694667330676 0.6120215499562448 0.5580837296215552 0.7287400452001803
2 0.23429737952680307 0.8001507324494126 0.23210991306812484 0.5025816420812649 -0.0021203067666715493 0.504303496823851 0.00006715969200666929 0.8018725871919987
2 0.5685120355525092 0.7444590905056112 0.2622289947386271 0.629511957531457 0.1696402778330323 0.8762197528905432 0.47592331864691434 0.9911668858646973
2 0.88559375 0.7820491078125001 0.5466116078125002 0.7820491078125 0.5466116078125002 1 0.88559375 1