2 0.40111759182845885 0.22033147586655089 0.4003530954436399 0.16525456410081021 0.24941827682935308 0.16734961844344853 0.25018277321417204 0.22242653020918923
2 0.5974598218749999 0.1796294640625 0.596824495085794 0.12804550884325566 0.4402494325479621 0.12997394436800502 0.440884759337168 0.18155789958724936
2 0.717603670351309 0.06782485184907175 0.5397823777904305 0.057798834792845546 0.5372137451637683 0.10335606566783788 0.7150350377246469 0.1133820827240641
2 0.30508482187499997 0.24999999999999994 0.3043528433559911 0.1955919352051298 0.16514564126599643 0.19746475832437463 0.16587761978500531 0.2518728231192448
2 0.237290178125 0.27962946406250005 0.11793473760879458 0.1860100200031104 0.05733974614682873 0.26326258192209206 0.17669518666303413 0.3568820259814817
2 0.30932142812499996 0.29814732187500004 0.29473329065192266 0.2480768423388524 0.18047333662742 0.2813667155818995 0.1950614741004973 0.33143719511804715
2 0.4021333238323924 0.331833609970401 0.38562590076094255 0.26645294704804956 0.2653014030134783 0.2968326847471922 0.28180882608492813 0.3622133476695437
2 0.5211874999999999 0.37222321406250003 0.5081517553769591 0.3125698865831985 0.37891926109331536 0.3408104200733832 0.3919550057163562 0.4004637475526847
2 0.6610178578125 0.4240758921874999 0.6485328128229312 0.3645505489723646 0.5148303578124999 0.3925937499999999 0.5273154028020687 0.4521190932151352
2 0.7711874999999999 0.5092589281250002 0.7586209899344363 0.44216769818853974 0.6080491078124999 0.4703705359375001 0.6206156178780636 0.5374617658739604
2 0.8235296747988479 0.5726538351556428 0.6442217071036328 0.5475738429705098 0.6335920743196218 0.6235697937578182 0.8129000420148367 0.6486497859429512
2 0.7725535822672162 0.6797988271268747 0.5814664334986847 0.6559425918265004 0.5705390874010907 0.7434700404413037 0.7616262361696222 0.767326275741678
2 0.690187842459431 0.7996534272996878 0.4895679118672476 0.7633791634949675 0.47042765136197795 0.8692370729691721 0.6710475819541614 0.9055113367738924