10 0.14182692307692307 0.29086538461538464 0.1658653846153846 0.15384615384615385
11 0.28365384615384615 0.28365384615384615 0.14423076923076922 0.13942307692307693
12 0.43509615384615385 0.2764423076923077 0.15384615384615385 0.15625
13 0.5889423076923077 0.27884615384615385 0.14423076923076922 0.15625
14 0.7451923076923077 0.28125 0.13701923076923078 0.16105769230769232
15 0.1658653846153846 0.4807692307692308 0.12980769230769232 0.14182692307692307
16 0.3076923076923077 0.47596153846153844 0.15384615384615385 0.13701923076923078
17 0.47115384615384615 0.47596153846153844 0.15144230769230768 0.14182692307692307
19 0.6129807692307693 0.47596153846153844 0.11778846153846154 0.14903846153846154
20 0.7644230769230769 0.4807692307692308 0.15144230769230768 0.15144230769230768
21 0.21153846153846154 0.6754807692307693 0.1466346153846154 0.15384615384615385
22 0.35336538461538464 0.6706730769230769 0.15384615384615385 0.15384615384615385
23 0.5168269230769231 0.6754807692307693 0.15384615384615385 0.14423076923076922
25 0.6682692307692307 0.6730769230769231 0.13221153846153846 0.15144230769230768
27 0.8100961538461539 0.6730769230769231 0.15384615384615385 0.16346153846153846