10 0.13942307692307693 0.2620192307692308 0.15384615384615385 0.17307692307692307
11 0.30288461538461536 0.2548076923076923 0.13221153846153846 0.15865384615384615
12 0.47596153846153844 0.24759615384615385 0.13942307692307693 0.1778846153846154
13 0.6514423076923077 0.25 0.12980769230769232 0.1778846153846154
14 0.8293269230769231 0.25240384615384615 0.11778846153846154 0.18509615384615385
15 0.12259615384615384 0.4807692307692308 0.11538461538461539 0.16105769230769232
16 0.2860576923076923 0.4735576923076923 0.14182692307692307 0.15625
17 0.47115384615384615 0.47596153846153844 0.13942307692307693 0.16105769230769232
19 0.6322115384615384 0.47596153846153844 0.0985576923076923 0.16826923076923078
20 0.8028846153846154 0.4807692307692308 0.13701923076923078 0.17307692307692307
21 0.13221153846153846 0.7019230769230769 0.13221153846153846 0.17548076923076922
22 0.2932692307692308 0.6971153846153846 0.13942307692307693 0.17307692307692307
23 0.47836538461538464 0.6995192307692307 0.13942307692307693 0.1658653846153846
25 0.6514423076923077 0.6995192307692307 0.11538461538461539 0.17307692307692307
27 0.8125 0.6971153846153846 0.13942307692307693 0.18509615384615385