28 0.12980769230769232 0.3918269230769231 0.15625 0.1466346153846154
29 0.28125 0.3918269230769231 0.15384615384615385 0.15625
30 0.43990384615384615 0.3870192307692308 0.15625 0.15384615384615385
31 0.6009615384615384 0.3894230769230769 0.15865384615384615 0.1658653846153846
32 0.7884615384615384 0.38221153846153844 0.20432692307692307 0.16826923076923078
33 0.16105769230769232 0.6009615384615384 0.14903846153846154 0.15625
34 0.31490384615384615 0.6033653846153846 0.1346153846153846 0.14903846153846154
35 0.46153846153846156 0.5961538461538461 0.14182692307692307 0.16346153846153846
1 0.6033653846153846 0.5985576923076923 0.11298076923076923 0.1466346153846154
2 0.7572115384615384 0.6009615384615384 0.13221153846153846 0.14423076923076922
3 0.8942307692307693 0.5961538461538461 0.13701923076923078 0.15625