28 0.1201923076923077 0.38221153846153844 0.13942307692307693 0.16105769230769232
29 0.28365384615384615 0.38221153846153844 0.1346153846153846 0.17067307692307693
30 0.45913461538461536 0.375 0.13701923076923078 0.16826923076923078
31 0.6370192307692307 0.37740384615384615 0.13701923076923078 0.18269230769230768
32 0.84375 0.3701923076923077 0.1875 0.18269230769230768
33 0.10576923076923077 0.6081730769230769 0.12980769230769232 0.17067307692307693
34 0.27403846153846156 0.6129807692307693 0.11538461538461539 0.16346153846153846
35 0.4375 0.6057692307692307 0.1201923076923077 0.18028846153846154
1 0.5913461538461539 0.6081730769230769 0.09134615384615384 0.16105769230769232
2 0.7596153846153846 0.6105769230769231 0.11538461538461539 0.15865384615384615
3 0.9110576923076923 0.6033653846153846 0.11538461538461539 0.17067307692307693