10 0.13221153846153846 0.3605769230769231 0.125 0.13701923076923078
11 0.2692307692307692 0.3581730769230769 0.12740384615384615 0.12980769230769232
12 0.4110576923076923 0.35336538461538464 0.15384615384615385 0.13701923076923078
13 0.5793269230769231 0.3581730769230769 0.1466346153846154 0.1346153846153846
14 0.7163461538461539 0.3605769230769231 0.10817307692307693 0.1466346153846154
15 0.8461538461538461 0.3605769230769231 0.12259615384615384 0.15384615384615385
16 0.18509615384615385 0.6105769230769231 0.14182692307692307 0.14423076923076922
17 0.3245192307692308 0.6105769230769231 0.12980769230769232 0.14423076923076922
19 0.43509615384615385 0.6129807692307693 0.10096153846153846 0.14423076923076922
20 0.5625 0.6105769230769231 0.14903846153846154 0.14903846153846154
21 0.6850961538461539 0.6057692307692307 0.0985576923076923 0.14182692307692307
22 0.8173076923076923 0.6081730769230769 0.17307692307692307 0.15144230769230768