25 0.25961538461538464 0.3485576923076923 0.13942307692307693 0.14182692307692307
27 0.39663461538461536 0.35096153846153844 0.1201923076923077 0.15865384615384615
28 0.5096153846153846 0.3485576923076923 0.11538461538461539 0.15625
29 0.6153846153846154 0.35096153846153844 0.11298076923076923 0.13221153846153846
30 0.7379807692307693 0.35096153846153844 0.125 0.15625
31 0.18028846153846154 0.6009615384615384 0.13221153846153846 0.14423076923076922
23 0.1346153846153846 0.3557692307692308 0.12740384615384615 0.1346153846153846
32 0.31971153846153844 0.6009615384615384 0.16105769230769232 0.14182692307692307
33 0.45913461538461536 0.6009615384615384 0.12259615384615384 0.1346153846153846
34 0.5745192307692307 0.6033653846153846 0.12740384615384615 0.13221153846153846
35 0.6899038461538461 0.5985576923076923 0.125 0.14423076923076922
1 0.8125 0.5985576923076923 0.10576923076923077 0.13701923076923078