25 0.2644230769230769 0.3293269230769231 0.12259615384615384 0.15865384615384615
27 0.41586538461538464 0.33413461538461536 0.10096153846153846 0.1778846153846154
28 0.5456730769230769 0.3293269230769231 0.09375 0.17307692307692307
29 0.6634615384615384 0.33413461538461536 0.09615384615384616 0.14903846153846154
30 0.7980769230769231 0.3317307692307692 0.10576923076923077 0.17307692307692307
31 0.1201923076923077 0.6129807692307693 0.11538461538461539 0.16105769230769232
23 0.125 0.3389423076923077 0.11057692307692307 0.15144230769230768
32 0.2764423076923077 0.6129807692307693 0.14903846153846154 0.15865384615384615
33 0.43028846153846156 0.6129807692307693 0.10576923076923077 0.15144230769230768
34 0.5600961538461539 0.6177884615384616 0.11057692307692307 0.14903846153846154
35 0.6899038461538461 0.6105769230769231 0.10576923076923077 0.16105769230769232
1 0.8269230769230769 0.6105769230769231 0.0889423076923077 0.15144230769230768