10 0.125 0.29086538461538464 0.12259615384615384 0.16105769230769232
11 0.24278846153846154 0.2860576923076923 0.12980769230769232 0.15144230769230768
12 0.35336538461538464 0.28365384615384615 0.10576923076923077 0.15625
13 0.46153846153846156 0.29086538461538464 0.12259615384615384 0.1658653846153846
14 0.5745192307692307 0.28846153846153844 0.11538461538461539 0.15865384615384615
15 0.6730769230769231 0.28125 0.11538461538461539 0.17307692307692307
16 0.7860576923076923 0.28846153846153844 0.125 0.15625
17 0.16826923076923078 0.49038461538461536 0.14423076923076922 0.15625
19 0.27403846153846156 0.49278846153846156 0.10336538461538461 0.1658653846153846
20 0.375 0.4879807692307692 0.125 0.14903846153846154
21 0.4855769230769231 0.4831730769230769 0.10817307692307693 0.15865384615384615
22 0.6033653846153846 0.4831730769230769 0.14182692307692307 0.17067307692307693
23 0.7139423076923077 0.4855769230769231 0.11298076923076923 0.15384615384615385
25 0.8245192307692307 0.4831730769230769 0.13221153846153846 0.16105769230769232
27 0.20432692307692307 0.6899038461538461 0.12980769230769232 0.15625
28 0.31971153846153844 0.6875 0.10576923076923077 0.14182692307692307
29 0.4182692307692308 0.6850961538461539 0.125 0.15384615384615385
30 0.5264423076923077 0.6850961538461539 0.11538461538461539 0.1658653846153846
31 0.6370192307692307 0.6826923076923077 0.125 0.15625
32 0.7620192307692307 0.6802884615384616 0.14423076923076922 0.15384615384615385
33 0.8846153846153846 0.6802884615384616 0.11298076923076923 0.17307692307692307