34 0.11778846153846154 0.2764423076923077 0.09134615384615384 0.1778846153846154
35 0.23317307692307693 0.27884615384615385 0.08413461538461539 0.16826923076923078
10 0.14182692307692307 0.7307692307692307 0.13942307692307693 0.14182692307692307
11 0.33653846153846156 0.7403846153846154 0.1466346153846154 0.15384615384615385
12 0.5336538461538461 0.7403846153846154 0.13221153846153846 0.14182692307692307
13 0.7235576923076923 0.7427884615384616 0.15144230769230768 0.15144230769230768
1 0.34615384615384615 0.27884615384615385 0.0673076923076923 0.1658653846153846
2 0.45913461538461536 0.2860576923076923 0.11298076923076923 0.15625
3 0.59375 0.27884615384615385 0.09615384615384616 0.1658653846153846
4 0.71875 0.28365384615384615 0.09134615384615384 0.16346153846153846
5 0.8485576923076923 0.2692307692307692 0.10576923076923077 0.16105769230769232
6 0.11778846153846154 0.49759615384615385 0.10576923076923077 0.17307692307692307
7 0.24278846153846154 0.5 0.09615384615384616 0.18269230769230768
8 0.375 0.49759615384615385 0.11778846153846154 0.17548076923076922
9 0.5024038461538461 0.5024038461538461 0.0985576923076923 0.18269230769230768
0 0.6322115384615384 0.4951923076923077 0.10817307692307693 0.16826923076923078