34 0.125 0.30288461538461536 0.11298076923076923 0.15625
35 0.22596153846153846 0.30528846153846156 0.10336538461538461 0.14903846153846154
10 0.22596153846153846 0.7019230769230769 0.14903846153846154 0.125
11 0.39903846153846156 0.7115384615384616 0.15384615384615385 0.13701923076923078
12 0.5721153846153846 0.7115384615384616 0.13942307692307693 0.125
13 0.7403846153846154 0.7139423076923077 0.16105769230769232 0.1346153846153846
1 0.3245192307692308 0.30528846153846156 0.0889423076923077 0.14423076923076922
2 0.4254807692307692 0.31009615384615385 0.125 0.13701923076923078
3 0.5432692307692307 0.30528846153846156 0.11298076923076923 0.14423076923076922
4 0.65625 0.3076923076923077 0.10817307692307693 0.14423076923076922
5 0.7668269230769231 0.2980769230769231 0.12259615384615384 0.14182692307692307
6 0.16346153846153846 0.49759615384615385 0.12259615384615384 0.15144230769230768
7 0.27403846153846156 0.5 0.11778846153846154 0.16105769230769232
8 0.3894230769230769 0.49759615384615385 0.1346153846153846 0.15384615384615385
9 0.5024038461538461 0.5024038461538461 0.11778846153846154 0.16105769230769232
0 0.6153846153846154 0.4951923076923077 0.125 0.14903846153846154