10 0.11778846153846154 0.3629807692307692 0.14903846153846154 0.14903846153846154
11 0.27163461538461536 0.3605769230769231 0.12740384615384615 0.14182692307692307
12 0.40865384615384615 0.3557692307692308 0.12980769230769232 0.14182692307692307
13 0.5456730769230769 0.3581730769230769 0.13942307692307693 0.1346153846153846
14 0.6850961538461539 0.3605769230769231 0.11298076923076923 0.14182692307692307
15 0.8100961538461539 0.36538461538461536 0.12259615384615384 0.16105769230769232
16 0.17067307692307693 0.5985576923076923 0.13942307692307693 0.14182692307692307
17 0.3173076923076923 0.59375 0.13221153846153846 0.13701923076923078
19 0.43990384615384615 0.59375 0.0985576923076923 0.12980769230769232
20 0.5769230769230769 0.6009615384615384 0.12740384615384615 0.14182692307692307
21 0.6995192307692307 0.5985576923076923 0.10576923076923077 0.16105769230769232
22 0.8485576923076923 0.5865384615384616 0.18269230769230768 0.15865384615384615