10 0.11057692307692307 0.3485576923076923 0.13221153846153846 0.1658653846153846
11 0.27884615384615385 0.34615384615384615 0.11057692307692307 0.15625
12 0.4326923076923077 0.3389423076923077 0.11057692307692307 0.15625
13 0.5817307692307693 0.34134615384615385 0.125 0.1466346153846154
14 0.7331730769230769 0.34615384615384615 0.09134615384615384 0.15625
15 0.8725961538461539 0.35096153846153844 0.10096153846153846 0.17548076923076922
16 0.11538461538461539 0.6057692307692307 0.12259615384615384 0.15625
17 0.27884615384615385 0.6009615384615384 0.11538461538461539 0.15144230769230768
19 0.41346153846153844 0.6009615384615384 0.07692307692307693 0.14182692307692307
20 0.5600961538461539 0.6081730769230769 0.10817307692307693 0.15384615384615385
21 0.6971153846153846 0.6081730769230769 0.08173076923076923 0.1778846153846154
22 0.8629807692307693 0.59375 0.16826923076923078 0.17548076923076922