14 0.1466346153846154 0.27403846153846156 0.15625 0.1466346153846154
15 0.31490384615384615 0.2692307692307692 0.14903846153846154 0.1466346153846154
16 0.4951923076923077 0.2692307692307692 0.1658653846153846 0.15865384615384615
17 0.6923076923076923 0.2692307692307692 0.19471153846153846 0.1466346153846154
19 0.16826923076923078 0.47596153846153844 0.15384615384615385 0.14423076923076922
20 0.3557692307692308 0.4735576923076923 0.1778846153846154 0.13942307692307693
21 0.5384615384615384 0.47596153846153844 0.1466346153846154 0.1346153846153846
22 0.7427884615384616 0.47596153846153844 0.20432692307692307 0.14182692307692307
23 0.22115384615384615 0.6826923076923077 0.18509615384615385 0.15625
25 0.4110576923076923 0.6826923076923077 0.18509615384615385 0.15144230769230768
27 0.6105769230769231 0.6875 0.18269230769230768 0.14903846153846154
28 0.7716346153846154 0.6850961538461539 0.15625 0.14903846153846154