14 0.1466346153846154 0.2403846153846154 0.14423076923076922 0.16826923076923078
15 0.3389423076923077 0.23557692307692307 0.13701923076923078 0.16826923076923078
16 0.5456730769230769 0.23557692307692307 0.15144230769230768 0.18269230769230768
17 0.7740384615384616 0.23557692307692307 0.1875 0.17067307692307693
19 0.125 0.4735576923076923 0.14182692307692307 0.1658653846153846
20 0.34134615384615385 0.46875 0.17307692307692307 0.16105769230769232
21 0.5480769230769231 0.47115384615384615 0.13701923076923078 0.15384615384615385
22 0.7836538461538461 0.47115384615384615 0.20192307692307693 0.16346153846153846
23 0.13942307692307693 0.7091346153846154 0.17548076923076922 0.18028846153846154
25 0.3557692307692308 0.7091346153846154 0.1778846153846154 0.17548076923076922
27 0.5841346153846154 0.7163461538461539 0.17307692307692307 0.17067307692307693
28 0.7716346153846154 0.7115384615384616 0.14423076923076922 0.17307692307692307