29 0.14423076923076922 0.27884615384615385 0.13942307692307693 0.14423076923076922
30 0.3269230769230769 0.28365384615384615 0.13221153846153846 0.13701923076923078
31 0.5120192307692307 0.2860576923076923 0.13701923076923078 0.13701923076923078
32 0.7307692307692307 0.2764423076923077 0.20673076923076922 0.12740384615384615
33 0.14903846153846154 0.49759615384615385 0.14903846153846154 0.14903846153846154
34 0.34134615384615385 0.5 0.14423076923076922 0.1346153846153846
35 0.53125 0.5048076923076923 0.15144230769230768 0.14903846153846154
1 0.6995192307692307 0.5 0.09134615384615384 0.14182692307692307
2 0.8605769230769231 0.49759615384615385 0.125 0.13942307692307693
3 0.125 0.7067307692307693 0.12259615384615384 0.14423076923076922
4 0.30528846153846156 0.7067307692307693 0.13221153846153846 0.16826923076923078
5 0.47115384615384615 0.7091346153846154 0.10817307692307693 0.15384615384615385
6 0.6394230769230769 0.7067307692307693 0.12259615384615384 0.14182692307692307
7 0.8076923076923077 0.7067307692307693 0.11538461538461539 0.14423076923076922