8 0.125 0.25721153846153844 0.12740384615384615 0.1346153846153846
9 0.2980769230769231 0.25721153846153844 0.11778846153846154 0.14423076923076922
0 0.4807692307692308 0.25240384615384615 0.1346153846153846 0.15144230769230768
10 0.11538461538461539 0.4879807692307692 0.11778846153846154 0.1875
11 0.27403846153846156 0.49038461538461536 0.11057692307692307 0.15625
12 0.4375 0.4879807692307692 0.11778846153846154 0.15144230769230768
13 0.5985576923076923 0.4807692307692308 0.12980769230769232 0.1778846153846154
14 0.7668269230769231 0.4855769230769231 0.11538461538461539 0.15865384615384615
15 0.9086538461538461 0.47836538461538464 0.10096153846153846 0.15865384615384615
16 0.11778846153846154 0.6971153846153846 0.13221153846153846 0.15865384615384615
17 0.2932692307692308 0.6995192307692307 0.12980769230769232 0.15865384615384615
19 0.4375 0.6995192307692307 0.08413461538461539 0.16826923076923078
20 0.5865384615384616 0.6971153846153846 0.1346153846153846 0.17307692307692307
21 0.75 0.6971153846153846 0.10576923076923077 0.17548076923076922