8 0.12740384615384615 0.2860576923076923 0.1346153846153846 0.11778846153846154
9 0.28125 0.28846153846153844 0.12980769230769232 0.12740384615384615
0 0.43990384615384615 0.28365384615384615 0.14423076923076922 0.13221153846153846
10 0.15865384615384615 0.49038461538461536 0.13701923076923078 0.16346153846153846
11 0.3004807692307692 0.49038461538461536 0.125 0.13701923076923078
12 0.4423076923076923 0.49038461538461536 0.12740384615384615 0.13221153846153846
13 0.5817307692307693 0.4831730769230769 0.1466346153846154 0.15625
14 0.7331730769230769 0.4879807692307692 0.12980769230769232 0.13942307692307693
15 0.8557692307692307 0.4807692307692308 0.11778846153846154 0.13942307692307693
16 0.19951923076923078 0.6754807692307693 0.14182692307692307 0.13942307692307693
17 0.35336538461538464 0.6754807692307693 0.14182692307692307 0.13942307692307693
19 0.4807692307692308 0.6754807692307693 0.10336538461538461 0.14903846153846154
20 0.6105769230769231 0.6730769230769231 0.14903846153846154 0.15144230769230768
21 0.7548076923076923 0.6754807692307693 0.125 0.15384615384615385