34 0.125 0.31009615384615385 0.14423076923076922 0.12980769230769232
35 0.24519230769230768 0.30528846153846156 0.12259615384615384 0.1346153846153846
1 0.37259615384615385 0.31009615384615385 0.11057692307692307 0.14182692307692307
2 0.5120192307692307 0.31009615384615385 0.125 0.125
3 0.6514423076923077 0.31009615384615385 0.1201923076923077 0.12980769230769232
4 0.7884615384615384 0.30528846153846156 0.125 0.12740384615384615
5 0.1658653846153846 0.49038461538461536 0.1201923076923077 0.13701923076923078
6 0.3004807692307692 0.4879807692307692 0.1201923076923077 0.12259615384615384
7 0.4375 0.49278846153846156 0.11778846153846154 0.13701923076923078
8 0.5769230769230769 0.4831730769230769 0.125 0.1346153846153846
9 0.7139423076923077 0.49038461538461536 0.1201923076923077 0.14182692307692307
0 0.19951923076923078 0.6754807692307693 0.13221153846153846 0.1466346153846154