34 0.12259615384615384 0.2860576923076923 0.1346153846153846 0.1466346153846154
35 0.25721153846153844 0.28125 0.10576923076923077 0.15144230769230768
1 0.4014423076923077 0.28846153846153844 0.09134615384615384 0.15865384615384615
2 0.5552884615384616 0.2860576923076923 0.11298076923076923 0.13942307692307693
3 0.7115384615384616 0.28846153846153844 0.10576923076923077 0.14423076923076922
4 0.8677884615384616 0.28365384615384615 0.11057692307692307 0.14182692307692307
5 0.125 0.4879807692307692 0.10336538461538461 0.15384615384615385
6 0.27884615384615385 0.4855769230769231 0.10576923076923077 0.13942307692307693
7 0.4326923076923077 0.49278846153846156 0.10336538461538461 0.15384615384615385
8 0.5889423076923077 0.4807692307692308 0.11057692307692307 0.15144230769230768
9 0.7427884615384616 0.49038461538461536 0.10336538461538461 0.15865384615384615
0 0.12259615384615384 0.6971153846153846 0.11778846153846154 0.16346153846153846