10 0.13942307692307693 0.28846153846153844 0.15144230769230768 0.15625
11 0.31009615384615385 0.27884615384615385 0.13701923076923078 0.1658653846153846
12 0.47836538461538464 0.2764423076923077 0.125 0.18028846153846154
13 0.6418269230769231 0.2860576923076923 0.13221153846153846 0.1466346153846154
14 0.8100961538461539 0.28365384615384615 0.125 0.16826923076923078
15 0.13701923076923078 0.49038461538461536 0.13221153846153846 0.17307692307692307
16 0.3004807692307692 0.49278846153846156 0.13221153846153846 0.13942307692307693
17 0.4639423076923077 0.4807692307692308 0.14423076923076922 0.16346153846153846
19 0.6274038461538461 0.4855769230769231 0.11778846153846154 0.16826923076923078
20 0.7860576923076923 0.49759615384615385 0.1466346153846154 0.17067307692307693
21 0.13701923076923078 0.6947115384615384 0.12259615384615384 0.17307692307692307
22 0.31490384615384615 0.6995192307692307 0.16826923076923078 0.15865384615384615
23 0.49278846153846156 0.6995192307692307 0.13942307692307693 0.16346153846153846
25 0.6706730769230769 0.7115384615384616 0.13701923076923078 0.13942307692307693
27 0.8413461538461539 0.7019230769230769 0.15625 0.16826923076923078