3 0.13701923076923078 0.25961538461538464 0.125 0.15384615384615385
4 0.2956730769230769 0.2620192307692308 0.11778846153846154 0.15384615384615385
5 0.44471153846153844 0.25961538461538464 0.11778846153846154 0.15865384615384615
6 0.5961538461538461 0.2620192307692308 0.12259615384615384 0.18269230769230768
7 0.7524038461538461 0.25961538461538464 0.12980769230769232 0.17067307692307693
8 0.1346153846153846 0.46875 0.1346153846153846 0.16105769230769232
9 0.29086538461538464 0.46875 0.11298076923076923 0.1658653846153846
0 0.44471153846153844 0.46153846153846156 0.12740384615384615 0.18269230769230768
10 0.14182692307692307 0.7043269230769231 0.1201923076923077 0.14182692307692307
11 0.28846153846153844 0.6995192307692307 0.10576923076923077 0.16346153846153846
12 0.4230769230769231 0.7043269230769231 0.11057692307692307 0.12980769230769232
13 0.5769230769230769 0.6995192307692307 0.10817307692307693 0.16346153846153846
14 0.7211538461538461 0.6923076923076923 0.0985576923076923 0.15384615384615385
15 0.8557692307692307 0.7019230769230769 0.10096153846153846 0.16826923076923078