3 0.13942307692307693 0.28846153846153844 0.13701923076923078 0.1346153846153846
4 0.27884615384615385 0.28846153846153844 0.12980769230769232 0.1346153846153846
5 0.40865384615384615 0.2860576923076923 0.13221153846153846 0.13942307692307693
6 0.5432692307692307 0.28846153846153844 0.13942307692307693 0.16105769230769232
7 0.6778846153846154 0.2860576923076923 0.1466346153846154 0.14903846153846154
8 0.17307692307692307 0.47115384615384615 0.1466346153846154 0.13942307692307693
9 0.31009615384615385 0.47115384615384615 0.12980769230769232 0.1466346153846154
0 0.44471153846153844 0.46634615384615385 0.14423076923076922 0.16105769230769232
10 0.22115384615384615 0.6802884615384616 0.12980769230769232 0.12259615384615384
11 0.3485576923076923 0.6754807692307693 0.12259615384615384 0.14423076923076922
12 0.46875 0.6778846153846154 0.12259615384615384 0.11538461538461539
13 0.6009615384615384 0.6754807692307693 0.125 0.14182692307692307
14 0.7283653846153846 0.6682692307692307 0.11298076923076923 0.1346153846153846
15 0.8485576923076923 0.6754807692307693 0.11778846153846154 0.1466346153846154