16 0.1201923076923077 0.2620192307692308 0.11538461538461539 0.15384615384615385
17 0.27884615384615385 0.2620192307692308 0.1346153846153846 0.15384615384615385
19 0.41346153846153844 0.28365384615384615 0.07932692307692307 0.18028846153846154
20 0.5456730769230769 0.2548076923076923 0.12980769230769232 0.16826923076923078
21 0.6923076923076923 0.2620192307692308 0.10817307692307693 0.1658653846153846
22 0.8581730769230769 0.2644230769230769 0.15625 0.15384615384615385
23 0.125 0.4831730769230769 0.13701923076923078 0.15865384615384615
25 0.2764423076923077 0.4879807692307692 0.1201923076923077 0.14423076923076922
27 0.4254807692307692 0.4831730769230769 0.11538461538461539 0.15384615384615385
28 0.5817307692307693 0.4855769230769231 0.10096153846153846 0.15144230769230768
29 0.7115384615384616 0.4855769230769231 0.10817307692307693 0.15384615384615385
30 0.8701923076923077 0.49038461538461536 0.12259615384615384 0.15144230769230768
31 0.12259615384615384 0.7091346153846154 0.12259615384615384 0.15625
32 0.30288461538461536 0.7019230769230769 0.18269230769230768 0.15384615384615385
33 0.4807692307692308 0.7019230769230769 0.11778846153846154 0.14423076923076922
34 0.6201923076923077 0.7163461538461539 0.12259615384615384 0.15625
35 0.7644230769230769 0.7091346153846154 0.11538461538461539 0.16826923076923078