16 0.12259615384615384 0.28846153846153844 0.12980769230769232 0.1346153846153846
17 0.2644230769230769 0.29086538461538464 0.14423076923076922 0.13701923076923078
19 0.3870192307692308 0.3076923076923077 0.10336538461538461 0.15865384615384615
20 0.49759615384615385 0.28365384615384615 0.14423076923076922 0.14903846153846154
21 0.6274038461538461 0.29086538461538464 0.125 0.1466346153846154
22 0.7740384615384616 0.2932692307692308 0.16346153846153846 0.1346153846153846
23 0.1658653846153846 0.4855769230769231 0.14903846153846154 0.13942307692307693
25 0.3004807692307692 0.4879807692307692 0.12980769230769232 0.12740384615384615
27 0.43028846153846156 0.4855769230769231 0.12980769230769232 0.13701923076923078
28 0.5697115384615384 0.4879807692307692 0.11538461538461539 0.13221153846153846
29 0.6850961538461539 0.4879807692307692 0.12259615384615384 0.1346153846153846
30 0.8245192307692307 0.49038461538461536 0.1346153846153846 0.13221153846153846
31 0.20432692307692307 0.6850961538461539 0.1346153846153846 0.13701923076923078
32 0.3629807692307692 0.6778846153846154 0.1875 0.13701923076923078
33 0.5192307692307693 0.6778846153846154 0.12740384615384615 0.12740384615384615
34 0.6442307692307693 0.6923076923076923 0.1346153846153846 0.13701923076923078
35 0.7692307692307693 0.6826923076923077 0.13221153846153846 0.14903846153846154