23 0.125 0.35336538461538464 0.12980769230769232 0.13221153846153846
25 0.25961538461538464 0.3485576923076923 0.11778846153846154 0.14423076923076922
27 0.3894230769230769 0.34615384615384615 0.12259615384615384 0.13701923076923078
28 0.5072115384615384 0.3485576923076923 0.10336538461538461 0.13221153846153846
29 0.6346153846153846 0.3485576923076923 0.11538461538461539 0.125
30 0.7668269230769231 0.35096153846153844 0.12259615384615384 0.11298076923076923
31 0.16346153846153846 0.5697115384615384 0.14182692307692307 0.13221153846153846
32 0.32211538461538464 0.5697115384615384 0.1778846153846154 0.1201923076923077
33 0.4807692307692308 0.5697115384615384 0.11538461538461539 0.1346153846153846
34 0.6129807692307693 0.5745192307692307 0.12740384615384615 0.13942307692307693
35 0.7283653846153846 0.5673076923076923 0.10817307692307693 0.14423076923076922
1 0.8509615384615384 0.5697115384615384 0.10096153846153846 0.13221153846153846