23 0.11778846153846154 0.33653846153846156 0.11538461538461539 0.1466346153846154
25 0.2668269230769231 0.33413461538461536 0.10096153846153846 0.15865384615384615
27 0.4110576923076923 0.3317307692307692 0.10576923076923077 0.15144230769230768
28 0.5432692307692307 0.33413461538461536 0.08413461538461539 0.1466346153846154
29 0.6826923076923077 0.3317307692307692 0.0985576923076923 0.13701923076923078
30 0.8293269230769231 0.33653846153846156 0.11057692307692307 0.125
31 0.11298076923076923 0.5793269230769231 0.12740384615384615 0.1466346153846154
32 0.28846153846153844 0.5793269230769231 0.17067307692307693 0.1346153846153846
33 0.46153846153846156 0.5769230769230769 0.0985576923076923 0.14903846153846154
34 0.6081730769230769 0.5841346153846154 0.11057692307692307 0.15384615384615385
35 0.7379807692307693 0.5769230769230769 0.08653846153846154 0.16105769230769232
1 0.8725961538461539 0.5769230769230769 0.08173076923076923 0.14903846153846154