10 0.15625 0.20673076923076922 0.15865384615384615 0.19230769230769232
11 0.375 0.1971153846153846 0.12740384615384615 0.1658653846153846
12 0.5793269230769231 0.18990384615384615 0.13221153846153846 0.18509615384615385
13 0.7884615384615384 0.1971153846153846 0.14182692307692307 0.1778846153846154
14 0.14182692307692307 0.4879807692307692 0.14423076923076922 0.21875
15 0.3389423076923077 0.4879807692307692 0.12740384615384615 0.19951923076923078
16 0.5552884615384616 0.4807692307692308 0.14182692307692307 0.19951923076923078
17 0.7860576923076923 0.49278846153846156 0.17067307692307693 0.22355769230769232
19 0.14903846153846154 0.7764423076923077 0.16346153846153846 0.23557692307692307
20 0.3557692307692308 0.7908653846153846 0.13221153846153846 0.20192307692307693
21 0.5528846153846154 0.7860576923076923 0.1201923076923077 0.20673076923076922
22 0.7716346153846154 0.7764423076923077 0.1875 0.20432692307692307