33 0.1346153846153846 0.28125 0.14903846153846154 0.13942307692307693
34 0.30288461538461536 0.28125 0.12740384615384615 0.14182692307692307
35 0.46634615384615385 0.28125 0.15865384615384615 0.1346153846153846
1 0.6177884615384616 0.2764423076923077 0.09375 0.13701923076923078
2 0.7788461538461539 0.2860576923076923 0.1346153846153846 0.15384615384615385
3 0.17307692307692307 0.5024038461538461 0.11298076923076923 0.12980769230769232
4 0.3293269230769231 0.5048076923076923 0.12980769230769232 0.13942307692307693
6 0.6322115384615384 0.49759615384615385 0.13221153846153846 0.15384615384615385
7 0.7932692307692307 0.5 0.12740384615384615 0.1466346153846154
8 0.22355769230769232 0.7139423076923077 0.1466346153846154 0.14182692307692307
9 0.37259615384615385 0.7139423076923077 0.12980769230769232 0.16826923076923078
0 0.5264423076923077 0.71875 0.13701923076923078 0.15865384615384615
5 0.4807692307692308 0.49759615384615385 0.13701923076923078 0.15384615384615385