33 0.13221153846153846 0.25 0.13701923076923078 0.15865384615384615
34 0.3245192307692308 0.25 0.11298076923076923 0.16346153846153846
35 0.5120192307692307 0.25 0.14903846153846154 0.15384615384615385
1 0.6850961538461539 0.24519230769230768 0.07692307692307693 0.15625
2 0.8677884615384616 0.2548076923076923 0.11538461538461539 0.1778846153846154
3 0.12740384615384615 0.5048076923076923 0.0985576923076923 0.14903846153846154
4 0.30288461538461536 0.5048076923076923 0.11778846153846154 0.15865384615384615
6 0.6538461538461539 0.49759615384615385 0.11778846153846154 0.17548076923076922
7 0.8341346153846154 0.5 0.11298076923076923 0.1658653846153846
8 0.1346153846153846 0.7451923076923077 0.1346153846153846 0.16346153846153846
9 0.30528846153846156 0.7427884615384616 0.11057692307692307 0.19230769230769232
0 0.47836538461538464 0.75 0.1201923076923077 0.18028846153846154
5 0.47836538461538464 0.4951923076923077 0.1201923076923077 0.1778846153846154