21 0.10576923076923077 0.2620192307692308 0.12980769230769232 0.14903846153846154
22 0.28125 0.25240384615384615 0.15865384615384615 0.15144230769230768
23 0.47596153846153844 0.25 0.14903846153846154 0.14903846153846154
25 0.6418269230769231 0.25961538461538464 0.12259615384615384 0.14903846153846154
27 0.8173076923076923 0.25240384615384615 0.1466346153846154 0.15384615384615385
28 0.10336538461538461 0.4735576923076923 0.125 0.15144230769230768
29 0.2692307692307692 0.47115384615384615 0.12980769230769232 0.14903846153846154
30 0.4495192307692308 0.46153846153846156 0.15384615384615385 0.17067307692307693
31 0.6274038461538461 0.46875 0.1466346153846154 0.1658653846153846
32 0.8293269230769231 0.47115384615384615 0.20192307692307693 0.15144230769230768
33 0.11298076923076923 0.6802884615384616 0.15384615384615385 0.16826923076923078
34 0.30288461538461536 0.6802884615384616 0.13942307692307693 0.15625
35 0.46875 0.6850961538461539 0.13701923076923078 0.1658653846153846
1 0.6225961538461539 0.6923076923076923 0.10576923076923077 0.1466346153846154
2 0.7788461538461539 0.7067307692307693 0.11778846153846154 0.1346153846153846