3 0.12259615384615384 0.30528846153846156 0.12259615384615384 0.12980769230769232
4 0.27163461538461536 0.2932692307692308 0.11057692307692307 0.15865384615384615
5 0.40865384615384615 0.3004807692307692 0.10817307692307693 0.13701923076923078
6 0.5552884615384616 0.28365384615384615 0.10336538461538461 0.1346153846153846
7 0.6923076923076923 0.30528846153846156 0.11298076923076923 0.1466346153846154
8 0.8317307692307693 0.2932692307692308 0.11778846153846154 0.12980769230769232
9 0.12980769230769232 0.5120192307692307 0.11057692307692307 0.1346153846153846
0 0.27163461538461536 0.49759615384615385 0.10576923076923077 0.12980769230769232
10 0.14903846153846154 0.6995192307692307 0.14182692307692307 0.17067307692307693
11 0.3245192307692308 0.7043269230769231 0.12980769230769232 0.14182692307692307
12 0.5024038461538461 0.7019230769230769 0.13701923076923078 0.12740384615384615
13 0.6826923076923077 0.7091346153846154 0.13701923076923078 0.13701923076923078