3 0.12740384615384615 0.3245192307692308 0.1346153846153846 0.11538461538461539
4 0.25961538461538464 0.31490384615384615 0.12740384615384615 0.14182692307692307
5 0.38221153846153844 0.31971153846153844 0.1201923076923077 0.1201923076923077
6 0.5096153846153846 0.30528846153846156 0.11538461538461539 0.1201923076923077
7 0.6346153846153846 0.3245192307692308 0.12740384615384615 0.13221153846153846
8 0.7596153846153846 0.3125 0.12740384615384615 0.11538461538461539
9 0.17307692307692307 0.5072115384615384 0.12259615384615384 0.1201923076923077
0 0.2956730769230769 0.49759615384615385 0.11778846153846154 0.11538461538461539
10 0.22355769230769232 0.6754807692307693 0.15865384615384615 0.15144230769230768
11 0.3798076923076923 0.6802884615384616 0.14182692307692307 0.12740384615384615
12 0.5384615384615384 0.6802884615384616 0.1466346153846154 0.11538461538461539
13 0.6995192307692307 0.6826923076923077 0.1466346153846154 0.1201923076923077