14 0.1466346153846154 0.2860576923076923 0.15384615384615385 0.15625
15 0.2980769230769231 0.28846153846153844 0.14423076923076922 0.1346153846153846
16 0.46153846153846156 0.2980769230769231 0.15625 0.1201923076923077
17 0.6298076923076923 0.2980769230769231 0.1658653846153846 0.13942307692307693
19 0.78125 0.28846153846153844 0.12980769230769232 0.14423076923076922
20 0.18028846153846154 0.4807692307692308 0.17067307692307693 0.13221153846153846
21 0.34134615384615385 0.47836538461538464 0.14423076923076922 0.12259615384615384
22 0.5072115384615384 0.47596153846153844 0.17548076923076922 0.14182692307692307
23 0.6875 0.47596153846153844 0.16826923076923078 0.13701923076923078
25 0.21634615384615385 0.6682692307692307 0.15865384615384615 0.1346153846153846
27 0.375 0.6706730769230769 0.16346153846153846 0.13942307692307693
28 0.53125 0.6538461538461539 0.15625 0.13701923076923078
29 0.6826923076923077 0.6634615384615384 0.13942307692307693 0.12980769230769232
30 0.8341346153846154 0.6610576923076923 0.15865384615384615 0.13701923076923078