14 0.1466346153846154 0.25961538461538464 0.13701923076923078 0.1778846153846154
15 0.3173076923076923 0.2620192307692308 0.13221153846153846 0.15384615384615385
16 0.5024038461538461 0.27163461538461536 0.14903846153846154 0.13701923076923078
17 0.6947115384615384 0.27163461538461536 0.15625 0.15865384615384615
19 0.8677884615384616 0.2620192307692308 0.11538461538461539 0.16346153846153846
20 0.14182692307692307 0.4807692307692308 0.16346153846153846 0.15144230769230768
21 0.3245192307692308 0.47836538461538464 0.1346153846153846 0.13942307692307693
22 0.5144230769230769 0.47596153846153844 0.16826923076923078 0.16105769230769232
23 0.71875 0.4735576923076923 0.15865384615384615 0.15625
25 0.13942307692307693 0.6923076923076923 0.15144230769230768 0.15144230769230768
27 0.31971153846153844 0.6971153846153846 0.15625 0.15865384615384615
28 0.5 0.6778846153846154 0.1466346153846154 0.15625
29 0.6730769230769231 0.6875 0.12980769230769232 0.1466346153846154
30 0.84375 0.6850961538461539 0.15144230769230768 0.15384615384615385