31 0.1466346153846154 0.30528846153846156 0.1658653846153846 0.14423076923076922
32 0.33653846153846156 0.30528846153846156 0.21634615384615385 0.13701923076923078
33 0.5216346153846154 0.30528846153846156 0.15144230769230768 0.1346153846153846
34 0.6778846153846154 0.30288461538461536 0.15625 0.14182692307692307
35 0.17307692307692307 0.4879807692307692 0.16105769230769232 0.15144230769230768
1 0.3293269230769231 0.4951923076923077 0.0985576923076923 0.13942307692307693
2 0.4807692307692308 0.4951923076923077 0.15625 0.13942307692307693
3 0.6322115384615384 0.49278846153846156 0.15144230769230768 0.125
4 0.7860576923076923 0.4879807692307692 0.14423076923076922 0.1466346153846154
5 0.21394230769230768 0.6850961538461539 0.15384615384615385 0.13701923076923078
6 0.37259615384615385 0.6778846153846154 0.14182692307692307 0.13221153846153846
7 0.5216346153846154 0.6826923076923077 0.13942307692307693 0.13701923076923078
8 0.6682692307692307 0.6754807692307693 0.13942307692307693 0.1466346153846154
9 0.8221153846153846 0.6802884615384616 0.15144230769230768 0.14182692307692307