19 0.11057692307692307 0.3004807692307692 0.11778846153846154 0.1778846153846154
20 0.3076923076923077 0.28365384615384615 0.16826923076923078 0.14182692307692307
21 0.5 0.2860576923076923 0.12259615384615384 0.13942307692307693
22 0.7163461538461539 0.28846153846153844 0.18990384615384615 0.15625
23 0.16826923076923078 0.5144230769230769 0.16346153846153846 0.15865384615384615
25 0.3629807692307692 0.5072115384615384 0.12980769230769232 0.15144230769230768
27 0.5721153846153846 0.5096153846153846 0.15625 0.15625
28 0.7620192307692307 0.5024038461538461 0.11778846153846154 0.15144230769230768
29 0.1466346153846154 0.7259615384615384 0.14423076923076922 0.1466346153846154
30 0.34615384615384615 0.7259615384615384 0.15865384615384615 0.14423076923076922
31 0.5552884615384616 0.7235576923076923 0.1466346153846154 0.1466346153846154
32 0.78125 0.7307692307692307 0.21634615384615385 0.14423076923076922