19 0.12259615384615384 0.3269230769230769 0.13701923076923078 0.15625
20 0.2932692307692308 0.3125 0.17307692307692307 0.125
21 0.46153846153846156 0.3125 0.13221153846153846 0.12259615384615384
22 0.6538461538461539 0.31490384615384615 0.19230769230769232 0.13701923076923078
23 0.21153846153846154 0.5120192307692307 0.17067307692307693 0.13942307692307693
25 0.38221153846153844 0.5072115384615384 0.13942307692307693 0.13221153846153846
27 0.5649038461538461 0.5096153846153846 0.16346153846153846 0.13701923076923078
28 0.7307692307692307 0.5024038461538461 0.12980769230769232 0.13221153846153846
29 0.2283653846153846 0.6995192307692307 0.15384615384615385 0.12980769230769232
30 0.40384615384615385 0.6995192307692307 0.16346153846153846 0.125
31 0.5889423076923077 0.6971153846153846 0.15384615384615385 0.12980769230769232
32 0.7884615384615384 0.7043269230769231 0.21394230769230768 0.12740384615384615