2 0.11778846153846154 0.30288461538461536 0.0985576923076923 0.10817307692307693
3 0.22115384615384615 0.2980769230769231 0.10817307692307693 0.11778846153846154
4 0.33413461538461536 0.2980769230769231 0.10576923076923077 0.11778846153846154
5 0.44711538461538464 0.30288461538461536 0.0985576923076923 0.13942307692307693
6 0.5528846153846154 0.3076923076923077 0.11538461538461539 0.1346153846153846
7 0.6658653846153846 0.3076923076923077 0.11057692307692307 0.14182692307692307
8 0.7716346153846154 0.30528846153846156 0.12259615384615384 0.1466346153846154
9 0.15144230769230768 0.5 0.1201923076923077 0.1201923076923077
0 0.2644230769230769 0.49759615384615385 0.11298076923076923 0.11538461538461539
10 0.19951923076923078 0.6682692307692307 0.15625 0.15625
11 0.34615384615384615 0.6754807692307693 0.13221153846153846 0.1346153846153846
12 0.4831730769230769 0.6730769230769231 0.125 0.14182692307692307
13 0.6105769230769231 0.6826923076923077 0.14423076923076922 0.12980769230769232
14 0.75 0.6706730769230769 0.11298076923076923 0.15625
15 0.8653846153846154 0.6754807692307693 0.12980769230769232 0.14182692307692307