2 0.11298076923076923 0.2764423076923077 0.0889423076923077 0.12259615384615384
3 0.23076923076923078 0.27403846153846156 0.09615384615384616 0.13221153846153846
4 0.3581730769230769 0.27163461538461536 0.09134615384615384 0.1346153846153846
5 0.4831730769230769 0.2764423076923077 0.07932692307692307 0.15625
6 0.6057692307692307 0.28365384615384615 0.0985576923076923 0.15144230769230768
7 0.7283653846153846 0.28365384615384615 0.09134615384615384 0.15865384615384615
8 0.8485576923076923 0.28125 0.10576923076923077 0.1658653846153846
9 0.10817307692307693 0.5 0.10576923076923077 0.13701923076923078
0 0.23557692307692307 0.49759615384615385 0.10096153846153846 0.13221153846153846
10 0.12259615384615384 0.6899038461538461 0.13942307692307693 0.17548076923076922
11 0.28846153846153844 0.6971153846153846 0.11778846153846154 0.15144230769230768
12 0.4423076923076923 0.6947115384615384 0.10817307692307693 0.15865384615384615
13 0.5817307692307693 0.7067307692307693 0.13221153846153846 0.1466346153846154
14 0.7427884615384616 0.6923076923076923 0.09134615384615384 0.1778846153846154
15 0.8701923076923077 0.6995192307692307 0.11538461538461539 0.16105769230769232