33 0.125 0.3004807692307692 0.15865384615384615 0.12740384615384615
34 0.2932692307692308 0.3004807692307692 0.14423076923076922 0.12259615384615384
35 0.4543269230769231 0.2980769230769231 0.14182692307692307 0.1201923076923077
1 0.6153846153846154 0.30288461538461536 0.11538461538461539 0.12740384615384615
2 0.7692307692307693 0.3004807692307692 0.13221153846153846 0.13221153846153846
3 0.15625 0.4855769230769231 0.13221153846153846 0.14182692307692307
4 0.3173076923076923 0.4951923076923077 0.1346153846153846 0.12980769230769232
5 0.46634615384615385 0.49038461538461536 0.13221153846153846 0.125
6 0.6298076923076923 0.4831730769230769 0.14423076923076922 0.15625
7 0.7884615384615384 0.4831730769230769 0.12980769230769232 0.15144230769230768
8 0.1971153846153846 0.6778846153846154 0.125 0.13221153846153846
9 0.35096153846153844 0.6826923076923077 0.13221153846153846 0.14423076923076922
0 0.5096153846153846 0.6778846153846154 0.14423076923076922 0.14903846153846154