33 0.12259615384615384 0.27403846153846156 0.15144230769230768 0.14423076923076922
34 0.3125 0.27403846153846156 0.13701923076923078 0.13942307692307693
35 0.49278846153846156 0.27163461538461536 0.13221153846153846 0.13701923076923078
1 0.6754807692307693 0.2764423076923077 0.10096153846153846 0.14423076923076922
2 0.8509615384615384 0.27403846153846156 0.1201923076923077 0.15144230769230768
3 0.11538461538461539 0.4831730769230769 0.11778846153846154 0.16105769230769232
4 0.2956730769230769 0.49278846153846156 0.12259615384615384 0.1466346153846154
5 0.46634615384615385 0.4879807692307692 0.1201923076923077 0.14182692307692307
6 0.6514423076923077 0.4807692307692308 0.12740384615384615 0.17548076923076922
7 0.8293269230769231 0.4807692307692308 0.11057692307692307 0.17067307692307693
8 0.11538461538461539 0.7019230769230769 0.11057692307692307 0.15144230769230768
9 0.29086538461538464 0.7043269230769231 0.11778846153846154 0.16346153846153846
0 0.47115384615384615 0.6995192307692307 0.12980769230769232 0.17067307692307693