10 0.1346153846153846 0.2620192307692308 0.17307692307692307 0.13701923076923078
11 0.30288461538461536 0.25961538461538464 0.16346153846153846 0.13942307692307693
12 0.47836538461538464 0.2548076923076923 0.15144230769230768 0.14903846153846154
13 0.6538461538461539 0.25721153846153844 0.18028846153846154 0.13942307692307693
14 0.1875 0.4831730769230769 0.1778846153846154 0.13221153846153846
15 0.3629807692307692 0.4855769230769231 0.15384615384615385 0.1346153846153846
16 0.5360576923076923 0.4807692307692308 0.1778846153846154 0.13942307692307693
17 0.7283653846153846 0.47596153846153844 0.19951923076923078 0.15144230769230768
19 0.21153846153846154 0.7019230769230769 0.14423076923076922 0.125
20 0.3870192307692308 0.6971153846153846 0.19471153846153846 0.14903846153846154
21 0.5600961538461539 0.6971153846153846 0.17067307692307693 0.13701923076923078
22 0.7524038461538461 0.6971153846153846 0.21634615384615385 0.15144230769230768