10 0.13701923076923078 0.22596153846153846 0.17067307692307693 0.15625
11 0.3293269230769231 0.22596153846153846 0.15625 0.15865384615384615
12 0.53125 0.21875 0.13942307692307693 0.17307692307692307
13 0.7307692307692307 0.22115384615384615 0.17548076923076922 0.15865384615384615
14 0.14423076923076922 0.4807692307692308 0.17548076923076922 0.15144230769230768
15 0.34615384615384615 0.4831730769230769 0.1466346153846154 0.15384615384615385
16 0.5456730769230769 0.47836538461538464 0.17307692307692307 0.15865384615384615
17 0.7668269230769231 0.47115384615384615 0.19471153846153846 0.17307692307692307
19 0.12259615384615384 0.7307692307692307 0.13701923076923078 0.14182692307692307
20 0.3269230769230769 0.7259615384615384 0.19230769230769232 0.17307692307692307
21 0.5240384615384616 0.7259615384615384 0.16346153846153846 0.15865384615384615
22 0.7427884615384616 0.7283653846153846 0.21394230769230768 0.17307692307692307