33 0.1466346153846154 0.28365384615384615 0.17067307692307693 0.12980769230769232
34 0.3004807692307692 0.28846153846153844 0.1658653846153846 0.1346153846153846
35 0.4543269230769231 0.2764423076923077 0.15625 0.14423076923076922
1 0.6009615384615384 0.2860576923076923 0.11057692307692307 0.12980769230769232
2 0.7283653846153846 0.27403846153846156 0.14182692307692307 0.1466346153846154
3 0.18028846153846154 0.49038461538461536 0.13942307692307693 0.12740384615384615
4 0.3293269230769231 0.49278846153846156 0.13942307692307693 0.12740384615384615
5 0.47115384615384615 0.49038461538461536 0.1346153846153846 0.14182692307692307
6 0.6177884615384616 0.49278846153846156 0.1466346153846154 0.13221153846153846
7 0.7620192307692307 0.5024038461538461 0.15625 0.15865384615384615
8 0.21875 0.7043269230769231 0.1466346153846154 0.1346153846153846
9 0.3581730769230769 0.6971153846153846 0.14903846153846154 0.1466346153846154
0 0.5168269230769231 0.6995192307692307 0.14182692307692307 0.14182692307692307