33 0.12740384615384615 0.30528846153846156 0.15144230769230768 0.125
34 0.27403846153846156 0.3076923076923077 0.13942307692307693 0.1201923076923077
35 0.40865384615384615 0.30288461538461536 0.13221153846153846 0.11778846153846154
1 0.5528846153846154 0.3004807692307692 0.09375 0.125
2 0.6899038461538461 0.30528846153846156 0.12740384615384615 0.12740384615384615
3 0.16826923076923078 0.49278846153846156 0.1346153846153846 0.1346153846153846
4 0.30288461538461536 0.5 0.13701923076923078 0.13942307692307693
5 0.44471153846153844 0.49759615384615385 0.12740384615384615 0.1346153846153846
6 0.5841346153846154 0.4951923076923077 0.12980769230769232 0.13221153846153846
7 0.7307692307692307 0.49759615384615385 0.12980769230769232 0.12740384615384615
8 0.20432692307692307 0.6875 0.12980769230769232 0.125
9 0.34615384615384615 0.6971153846153846 0.12259615384615384 0.125
0 0.4855769230769231 0.6899038461538461 0.12740384615384615 0.125