10 0.15384615384615385 0.28125 0.20432692307692307 0.15865384615384615
11 0.3605769230769231 0.27884615384615385 0.16826923076923078 0.13942307692307693
12 0.5480769230769231 0.27884615384615385 0.15865384615384615 0.1466346153846154
13 0.7355769230769231 0.2764423076923077 0.17307692307692307 0.1466346153846154
14 0.18028846153846154 0.49038461538461536 0.14182692307692307 0.13221153846153846
15 0.35096153846153844 0.49278846153846156 0.14903846153846154 0.13221153846153846
16 0.5240384615384616 0.49278846153846156 0.1658653846153846 0.13701923076923078
17 0.7211538461538461 0.49759615384615385 0.18509615384615385 0.15384615384615385
19 0.20673076923076922 0.6971153846153846 0.1346153846153846 0.15384615384615385
20 0.3918269230769231 0.7115384615384616 0.18990384615384615 0.14903846153846154
21 0.5793269230769231 0.7091346153846154 0.14903846153846154 0.13701923076923078
22 0.7692307692307693 0.7115384615384616 0.20673076923076922 0.15144230769230768