16 0.12980769230769232 0.3004807692307692 0.15144230769230768 0.1346153846153846
17 0.2932692307692308 0.30528846153846156 0.12980769230769232 0.12259615384615384
19 0.42788461538461536 0.30288461538461536 0.10096153846153846 0.12980769230769232
20 0.5649038461538461 0.30528846153846156 0.13221153846153846 0.12740384615384615
21 0.6995192307692307 0.30288461538461536 0.0985576923076923 0.11538461538461539
22 0.17548076923076922 0.46875 0.16105769230769232 0.125
23 0.3485576923076923 0.46875 0.15144230769230768 0.12259615384615384
25 0.5096153846153846 0.4735576923076923 0.11778846153846154 0.11778846153846154
27 0.6442307692307693 0.47115384615384615 0.11538461538461539 0.11778846153846154
28 0.7836538461538461 0.46875 0.11298076923076923 0.12259615384615384
29 0.17307692307692307 0.6346153846153846 0.10336538461538461 0.12259615384615384
30 0.31009615384615385 0.6370192307692307 0.125 0.11778846153846154
31 0.4639423076923077 0.6394230769230769 0.13701923076923078 0.12740384615384615
32 0.6418269230769231 0.6394230769230769 0.18990384615384615 0.12259615384615384
33 0.8245192307692307 0.6418269230769231 0.14182692307692307 0.125