34 0.1201923076923077 0.2980769230769231 0.13221153846153846 0.12259615384615384
35 0.2668269230769231 0.2980769230769231 0.125 0.1201923076923077
1 0.3918269230769231 0.31009615384615385 0.06009615384615385 0.08413461538461539
2 0.5 0.31009615384615385 0.08173076923076923 0.09375
3 0.6129807692307693 0.31009615384615385 0.07692307692307693 0.08173076923076923
4 0.71875 0.31009615384615385 0.07692307692307693 0.08653846153846154
5 0.8269230769230769 0.31009615384615385 0.07451923076923077 0.09615384615384616
6 0.14182692307692307 0.47836538461538464 0.09134615384615384 0.0985576923076923
7 0.24759615384615385 0.4831730769230769 0.07451923076923077 0.09375
8 0.3557692307692308 0.4831730769230769 0.08413461538461539 0.09134615384615384
9 0.4639423076923077 0.4831730769230769 0.07932692307692307 0.09134615384615384
0 0.5745192307692307 0.4855769230769231 0.08413461538461539 0.09615384615384616
10 0.19951923076923078 0.6706730769230769 0.15865384615384615 0.13942307692307693
11 0.3581730769230769 0.6754807692307693 0.1346153846153846 0.13221153846153846
12 0.5216346153846154 0.6802884615384616 0.14182692307692307 0.1466346153846154
13 0.6778846153846154 0.6802884615384616 0.14903846153846154 0.13221153846153846
14 0.8413461538461539 0.6730769230769231 0.13221153846153846 0.125