10 0.12980769230769232 0.2860576923076923 0.125 0.13221153846153846
11 0.23798076923076922 0.28846153846153844 0.11057692307692307 0.13701923076923078
12 0.34615384615384615 0.2860576923076923 0.11538461538461539 0.13942307692307693
13 0.4519230769230769 0.28365384615384615 0.11778846153846154 0.13701923076923078
14 0.5528846153846154 0.28365384615384615 0.09375 0.1346153846153846
15 0.6442307692307693 0.2860576923076923 0.10576923076923077 0.1466346153846154
16 0.7355769230769231 0.2860576923076923 0.11538461538461539 0.14903846153846154
17 0.17307692307692307 0.4807692307692308 0.11538461538461539 0.13701923076923078
19 0.2644230769230769 0.4807692307692308 0.08413461538461539 0.13221153846153846
20 0.3581730769230769 0.4855769230769231 0.11778846153846154 0.13942307692307693
21 0.4519230769230769 0.4807692307692308 0.08653846153846154 0.12980769230769232
22 0.5600961538461539 0.4855769230769231 0.13701923076923078 0.1346153846153846
23 0.6754807692307693 0.4855769230769231 0.11778846153846154 0.13942307692307693
25 0.78125 0.4807692307692308 0.11057692307692307 0.13221153846153846
27 0.2091346153846154 0.6802884615384616 0.11538461538461539 0.13942307692307693
28 0.3173076923076923 0.6754807692307693 0.10576923076923077 0.13221153846153846
29 0.41346153846153844 0.6754807692307693 0.10817307692307693 0.12980769230769232
30 0.5192307692307693 0.6778846153846154 0.10817307692307693 0.12740384615384615
31 0.625 0.6826923076923077 0.11538461538461539 0.13942307692307693
32 0.7475961538461539 0.6802884615384616 0.15865384615384615 0.13221153846153846
33 0.8701923076923077 0.6802884615384616 0.11538461538461539 0.15384615384615385