34 0.12980769230769232 0.375 0.125 0.16346153846153846
35 0.23557692307692307 0.36538461538461536 0.11778846153846154 0.15144230769230768
1 0.3293269230769231 0.36538461538461536 0.0985576923076923 0.15384615384615385
2 0.4326923076923077 0.36538461538461536 0.11778846153846154 0.15384615384615385
3 0.5480769230769231 0.36778846153846156 0.1201923076923077 0.14903846153846154
4 0.6658653846153846 0.36778846153846156 0.125 0.16105769230769232
5 0.7788461538461539 0.3605769230769231 0.12980769230769232 0.16826923076923078
6 0.17548076923076922 0.59375 0.13221153846153846 0.15625
7 0.28846153846153844 0.5889423076923077 0.11778846153846154 0.16826923076923078
8 0.39663461538461536 0.5913461538461539 0.1201923076923077 0.16346153846153846
9 0.5216346153846154 0.5889423076923077 0.13221153846153846 0.16826923076923078
0 0.6370192307692307 0.5841346153846154 0.12980769230769232 0.16346153846153846