34 0.11778846153846154 0.3605769230769231 0.10336538461538461 0.18028846153846154
35 0.23557692307692307 0.3485576923076923 0.09615384615384616 0.16826923076923078
1 0.3389423076923077 0.35096153846153844 0.07451923076923077 0.16826923076923078
2 0.4567307692307692 0.35096153846153844 0.09615384615384616 0.16826923076923078
3 0.5817307692307693 0.35336538461538464 0.10096153846153846 0.16346153846153846
4 0.7115384615384616 0.35336538461538464 0.10336538461538461 0.18028846153846154
5 0.8389423076923077 0.34375 0.10576923076923077 0.1875
6 0.1201923076923077 0.6033653846153846 0.11057692307692307 0.17307692307692307
7 0.24519230769230768 0.5985576923076923 0.09134615384615384 0.18509615384615385
8 0.36538461538461536 0.6009615384615384 0.09615384615384616 0.18028846153846154
9 0.5024038461538461 0.5985576923076923 0.10817307692307693 0.1875
0 0.6346153846153846 0.59375 0.10576923076923077 0.18269230769230768