10 0.1466346153846154 0.31009615384615385 0.14423076923076922 0.13942307692307693
11 0.2764423076923077 0.3125 0.12740384615384615 0.1346153846153846
12 0.4110576923076923 0.3076923076923077 0.13942307692307693 0.12740384615384615
13 0.5480769230769231 0.30288461538461536 0.13701923076923078 0.13701923076923078
14 0.6754807692307693 0.3004807692307692 0.1201923076923077 0.13942307692307693
15 0.7956730769230769 0.30528846153846156 0.11778846153846154 0.13221153846153846
16 0.1778846153846154 0.4951923076923077 0.14182692307692307 0.12980769230769232
17 0.31971153846153844 0.4951923076923077 0.14182692307692307 0.13701923076923078
19 0.4495192307692308 0.4951923076923077 0.125 0.12980769230769232
20 0.5817307692307693 0.49038461538461536 0.13701923076923078 0.1346153846153846
21 0.7091346153846154 0.4855769230769231 0.12259615384615384 0.15384615384615385
22 0.22596153846153846 0.6754807692307693 0.18509615384615385 0.1346153846153846
23 0.3918269230769231 0.6754807692307693 0.1466346153846154 0.14182692307692307
25 0.5336538461538461 0.6802884615384616 0.13701923076923078 0.1346153846153846
27 0.6706730769230769 0.6826923076923077 0.13701923076923078 0.13221153846153846
28 0.8004807692307693 0.6802884615384616 0.125 0.13701923076923078