29 0.1346153846153846 0.2980769230769231 0.1201923076923077 0.11778846153846154
30 0.2644230769230769 0.30288461538461536 0.125 0.1201923076923077
31 0.39663461538461536 0.2956730769230769 0.12980769230769232 0.13221153846153846
32 0.5456730769230769 0.2980769230769231 0.18028846153846154 0.12980769230769232
33 0.7019230769230769 0.2932692307692308 0.1346153846153846 0.13942307692307693
34 0.17548076923076922 0.47836538461538464 0.1346153846153846 0.12740384615384615
35 0.3004807692307692 0.47596153846153844 0.12980769230769232 0.1346153846153846
1 0.40865384615384615 0.47836538461538464 0.08413461538461539 0.12740384615384615
2 0.5168269230769231 0.4807692307692308 0.1201923076923077 0.11778846153846154
3 0.6370192307692307 0.47836538461538464 0.11778846153846154 0.125
4 0.7572115384615384 0.47596153846153844 0.12740384615384615 0.15384615384615385
5 0.21634615384615385 0.65625 0.12740384615384615 0.14182692307692307
6 0.33653846153846156 0.6538461538461539 0.125 0.13221153846153846
7 0.4567307692307692 0.6538461538461539 0.12740384615384615 0.13221153846153846
8 0.5841346153846154 0.6538461538461539 0.12980769230769232 0.1346153846153846
9 0.7115384615384616 0.65625 0.11778846153846154 0.12980769230769232
0 0.8389423076923077 0.6490384615384616 0.1346153846153846 0.14423076923076922