29 0.13701923076923078 0.27163461538461536 0.10817307692307693 0.1346153846153846
30 0.28125 0.2764423076923077 0.11538461538461539 0.1346153846153846
31 0.43028846153846156 0.2668269230769231 0.11778846153846154 0.14903846153846154
32 0.5985576923076923 0.27163461538461536 0.17307692307692307 0.14423076923076922
33 0.7740384615384616 0.2644230769230769 0.12259615384615384 0.15865384615384615
34 0.13942307692307693 0.47596153846153844 0.12259615384615384 0.14182692307692307
35 0.28125 0.47115384615384615 0.11298076923076923 0.15384615384615385
1 0.40384615384615385 0.4735576923076923 0.0673076923076923 0.14423076923076922
2 0.5240384615384616 0.47596153846153844 0.10817307692307693 0.1346153846153846
3 0.6610576923076923 0.47596153846153844 0.10336538461538461 0.14182692307692307
4 0.7956730769230769 0.47115384615384615 0.10817307692307693 0.17307692307692307
5 0.14423076923076922 0.6754807692307693 0.11057692307692307 0.16105769230769232
6 0.28125 0.6730769230769231 0.11057692307692307 0.14903846153846154
7 0.4182692307692308 0.6706730769230769 0.11057692307692307 0.14903846153846154
8 0.5600961538461539 0.6730769230769231 0.11538461538461539 0.15144230769230768
9 0.7043269230769231 0.6754807692307693 0.10336538461538461 0.1466346153846154
0 0.8485576923076923 0.6658653846153846 0.11778846153846154 0.16105769230769232