10 0.1346153846153846 0.29086538461538464 0.16105769230769232 0.14182692307692307
11 0.2980769230769231 0.2932692307692308 0.12980769230769232 0.12980769230769232
12 0.4495192307692308 0.2860576923076923 0.13221153846153846 0.1346153846153846
13 0.6105769230769231 0.2932692307692308 0.15144230769230768 0.13221153846153846
14 0.7620192307692307 0.29086538461538464 0.12259615384615384 0.125
15 0.16346153846153846 0.49038461538461536 0.12259615384615384 0.12740384615384615
16 0.3125 0.49038461538461536 0.13942307692307693 0.13701923076923078
17 0.47836538461538464 0.49038461538461536 0.15384615384615385 0.13221153846153846
19 0.6201923076923077 0.5 0.10817307692307693 0.1466346153846154
20 0.7596153846153846 0.4879807692307692 0.14903846153846154 0.12259615384615384
21 0.19951923076923078 0.6778846153846154 0.12980769230769232 0.1346153846153846
22 0.3629807692307692 0.6850961538461539 0.16826923076923078 0.12740384615384615
23 0.5384615384615384 0.6826923076923077 0.14903846153846154 0.125
25 0.6923076923076923 0.6850961538461539 0.12259615384615384 0.12740384615384615
27 0.8461538461538461 0.6850961538461539 0.14423076923076922 0.12740384615384615