10 0.1346153846153846 0.2644230769230769 0.15144230769230768 0.16105769230769232
11 0.3173076923076923 0.2668269230769231 0.11778846153846154 0.1466346153846154
12 0.49038461538461536 0.25961538461538464 0.1201923076923077 0.15384615384615385
13 0.6730769230769231 0.2644230769230769 0.14182692307692307 0.15144230769230768
14 0.84375 0.2644230769230769 0.11057692307692307 0.14182692307692307
15 0.1201923076923077 0.49038461538461536 0.10817307692307693 0.14423076923076922
16 0.28846153846153844 0.4879807692307692 0.12740384615384615 0.15625
17 0.47836538461538464 0.4879807692307692 0.14423076923076922 0.14903846153846154
19 0.6370192307692307 0.5 0.08653846153846154 0.1658653846153846
20 0.7956730769230769 0.4855769230769231 0.13942307692307693 0.13942307692307693
21 0.1201923076923077 0.7019230769230769 0.11778846153846154 0.15144230769230768
22 0.30288461538461536 0.7115384615384616 0.16346153846153846 0.14423076923076922
23 0.5 0.7091346153846154 0.13942307692307693 0.14182692307692307
25 0.6778846153846154 0.7115384615384616 0.10817307692307693 0.14423076923076922
27 0.8509615384615384 0.7115384615384616 0.1346153846153846 0.14423076923076922