3 0.11778846153846154 0.25721153846153844 0.10576923076923077 0.15144230769230768
4 0.2764423076923077 0.25721153846153844 0.11298076923076923 0.16346153846153846
5 0.44471153846153844 0.25240384615384615 0.10817307692307693 0.16105769230769232
6 0.6033653846153846 0.25721153846153844 0.10336538461538461 0.1658653846153846
7 0.7668269230769231 0.25721153846153844 0.10817307692307693 0.16105769230769232
8 0.11778846153846154 0.47836538461538464 0.11298076923076923 0.14423076923076922
9 0.28125 0.4807692307692308 0.10096153846153846 0.15144230769230768
0 0.44711538461538464 0.47836538461538464 0.1201923076923077 0.15384615384615385
10 0.16105769230769232 0.7139423076923077 0.17548076923076922 0.18269230769230768
11 0.37259615384615385 0.71875 0.1466346153846154 0.15865384615384615
12 0.5673076923076923 0.7163461538461539 0.13942307692307693 0.16346153846153846
13 0.7548076923076923 0.7235576923076923 0.1658653846153846 0.17548076923076922