10 0.125 0.2932692307692308 0.14903846153846154 0.15865384615384615
11 0.2668269230769231 0.2932692307692308 0.10336538461538461 0.12980769230769232
12 0.40865384615384615 0.29086538461538464 0.12980769230769232 0.125
13 0.5673076923076923 0.2932692307692308 0.1346153846153846 0.12259615384615384
14 0.7091346153846154 0.29086538461538464 0.11057692307692307 0.12980769230769232
15 0.15625 0.49038461538461536 0.11298076923076923 0.12980769230769232
16 0.3004807692307692 0.4855769230769231 0.14182692307692307 0.13221153846153846
17 0.4639423076923077 0.4951923076923077 0.1466346153846154 0.12980769230769232
19 0.59375 0.4951923076923077 0.0889423076923077 0.125
20 0.7259615384615384 0.49038461538461536 0.13701923076923078 0.13701923076923078
21 0.8557692307692307 0.49278846153846156 0.0985576923076923 0.12980769230769232
22 0.2283653846153846 0.6923076923076923 0.17548076923076922 0.12259615384615384
23 0.40625 0.6899038461538461 0.14903846153846154 0.12980769230769232
25 0.5576923076923077 0.6899038461538461 0.1201923076923077 0.13221153846153846
27 0.6995192307692307 0.6947115384615384 0.13221153846153846 0.13701923076923078
28 0.8293269230769231 0.6899038461538461 0.10576923076923077 0.14182692307692307