10 0.12259615384615384 0.2668269230769231 0.1346153846153846 0.18028846153846154
11 0.28365384615384615 0.2668269230769231 0.08653846153846154 0.14903846153846154
12 0.44471153846153844 0.2644230769230769 0.1201923076923077 0.14182692307692307
13 0.6225961538461539 0.2668269230769231 0.125 0.13942307692307693
14 0.7836538461538461 0.2644230769230769 0.09615384615384616 0.1466346153846154
15 0.11298076923076923 0.49038461538461536 0.10096153846153846 0.14903846153846154
16 0.2764423076923077 0.4855769230769231 0.12980769230769232 0.15144230769230768
17 0.45913461538461536 0.4951923076923077 0.13701923076923078 0.14903846153846154
19 0.6057692307692307 0.4951923076923077 0.07211538461538461 0.14182692307692307
20 0.7596153846153846 0.49038461538461536 0.12259615384615384 0.15625
21 0.90625 0.49278846153846156 0.08173076923076923 0.1466346153846154
22 0.14903846153846154 0.71875 0.17067307692307693 0.13942307692307693
23 0.35096153846153844 0.7163461538461539 0.13701923076923078 0.14903846153846154
25 0.5216346153846154 0.7163461538461539 0.10576923076923077 0.14903846153846154
27 0.6802884615384616 0.7211538461538461 0.11778846153846154 0.15625
28 0.8293269230769231 0.7163461538461539 0.0889423076923077 0.16105769230769232