29 0.12980769230769232 0.24759615384615385 0.12740384615384615 0.13942307692307693
30 0.2932692307692308 0.24759615384615385 0.11778846153846154 0.1466346153846154
31 0.4639423076923077 0.2548076923076923 0.1201923076923077 0.1466346153846154
32 0.6682692307692307 0.25 0.1971153846153846 0.14182692307692307
33 0.8701923076923077 0.24519230769230768 0.11538461538461539 0.15384615384615385
34 0.12259615384615384 0.47596153846153844 0.11778846153846154 0.14903846153846154
35 0.2860576923076923 0.4735576923076923 0.11298076923076923 0.14182692307692307
1 0.4206730769230769 0.47836538461538464 0.0625 0.1466346153846154
2 0.5576923076923077 0.4735576923076923 0.10817307692307693 0.16105769230769232
3 0.7091346153846154 0.47596153846153844 0.10336538461538461 0.1466346153846154
4 0.8509615384615384 0.47115384615384615 0.10336538461538461 0.14903846153846154
6 0.27884615384615385 0.7043269230769231 0.10817307692307693 0.16346153846153846
7 0.43028846153846156 0.6971153846153846 0.09375 0.1466346153846154
8 0.5745192307692307 0.7019230769230769 0.09615384615384616 0.15865384615384615
9 0.7259615384615384 0.7019230769230769 0.09615384615384616 0.16346153846153846
0 0.8822115384615384 0.6995192307692307 0.11057692307692307 0.16105769230769232
5 0.13221153846153846 0.6971153846153846 0.13221153846153846 0.15384615384615385