29 0.12980769230769232 0.2764423076923077 0.13701923076923078 0.12259615384615384
30 0.27403846153846156 0.2764423076923077 0.12740384615384615 0.12740384615384615
31 0.4254807692307692 0.28365384615384615 0.12980769230769232 0.12740384615384615
32 0.6033653846153846 0.27884615384615385 0.19951923076923078 0.12259615384615384
33 0.7788461538461539 0.27403846153846156 0.12740384615384615 0.1346153846153846
34 0.16346153846153846 0.47836538461538464 0.12980769230769232 0.12980769230769232
35 0.3076923076923077 0.47596153846153844 0.125 0.12259615384615384
1 0.4254807692307692 0.47836538461538464 0.08173076923076923 0.12740384615384615
2 0.5432692307692307 0.47596153846153844 0.12259615384615384 0.14182692307692307
3 0.6778846153846154 0.47596153846153844 0.11538461538461539 0.12740384615384615
4 0.8028846153846154 0.4735576923076923 0.11778846153846154 0.12980769230769232
6 0.34134615384615385 0.6778846153846154 0.12259615384615384 0.14423076923076922
7 0.47115384615384615 0.6706730769230769 0.10817307692307693 0.12980769230769232
8 0.6009615384615384 0.6754807692307693 0.11057692307692307 0.13942307692307693
9 0.7331730769230769 0.6754807692307693 0.11298076923076923 0.14182692307692307
0 0.8701923076923077 0.6730769230769231 0.125 0.14182692307692307
5 0.2091346153846154 0.6730769230769231 0.14423076923076922 0.1346153846153846