10 0.1466346153846154 0.30528846153846156 0.1466346153846154 0.13701923076923078
11 0.2956730769230769 0.31009615384615385 0.13942307692307693 0.12980769230769232
12 0.43990384615384615 0.31009615384615385 0.125 0.11778846153846154
13 0.5721153846153846 0.3076923076923077 0.14182692307692307 0.13221153846153846
14 0.7307692307692307 0.31971153846153844 0.14903846153846154 0.1346153846153846
15 0.18269230769230768 0.49759615384615385 0.1346153846153846 0.125
16 0.31971153846153844 0.49038461538461536 0.1466346153846154 0.12259615384615384
17 0.4807692307692308 0.49038461538461536 0.15625 0.13221153846153846
19 0.6177884615384616 0.49759615384615385 0.1201923076923077 0.1201923076923077
20 0.75 0.49038461538461536 0.15865384615384615 0.1346153846153846
21 0.22115384615384615 0.6778846153846154 0.15144230769230768 0.12980769230769232
22 0.38221153846153844 0.6706730769230769 0.17067307692307693 0.1201923076923077
23 0.5432692307692307 0.6754807692307693 0.15384615384615385 0.12740384615384615
25 0.6875 0.6802884615384616 0.1466346153846154 0.14182692307692307
27 0.8293269230769231 0.6730769230769231 0.15144230769230768 0.13221153846153846