10 0.14423076923076922 0.28125 0.1346153846153846 0.15625
11 0.3125 0.28846153846153844 0.12980769230769232 0.1466346153846154
12 0.47596153846153844 0.28846153846153844 0.11298076923076923 0.13221153846153846
13 0.6274038461538461 0.2860576923076923 0.12980769230769232 0.14903846153846154
14 0.8028846153846154 0.2956730769230769 0.13701923076923078 0.15144230769230768
15 0.14182692307692307 0.49759615384615385 0.12259615384615384 0.14182692307692307
16 0.3004807692307692 0.49038461538461536 0.13701923076923078 0.13942307692307693
17 0.4807692307692308 0.49038461538461536 0.1466346153846154 0.14903846153846154
19 0.6346153846153846 0.49759615384615385 0.10817307692307693 0.13701923076923078
20 0.7860576923076923 0.49038461538461536 0.15144230769230768 0.15144230769230768
21 0.14423076923076922 0.7019230769230769 0.14182692307692307 0.1466346153846154
22 0.3269230769230769 0.6947115384615384 0.1658653846153846 0.1346153846153846
23 0.5096153846153846 0.6995192307692307 0.14423076923076922 0.14182692307692307
25 0.6706730769230769 0.7043269230769231 0.13221153846153846 0.15865384615384615
27 0.8317307692307693 0.6971153846153846 0.13942307692307693 0.14903846153846154