28 0.10336538461538461 0.28125 0.11057692307692307 0.12740384615384615
29 0.23798076923076922 0.28365384615384615 0.13701923076923078 0.12259615384615384
30 0.3870192307692308 0.28365384615384615 0.15144230769230768 0.12259615384615384
31 0.53125 0.27884615384615385 0.15144230769230768 0.125
32 0.7139423076923077 0.28125 0.18990384615384615 0.12740384615384615
33 0.16346153846153846 0.46634615384615385 0.16105769230769232 0.13221153846153846
34 0.3173076923076923 0.46875 0.15144230769230768 0.125
35 0.46153846153846156 0.46875 0.125 0.1201923076923077
1 0.5865384615384616 0.46634615384615385 0.10576923076923077 0.1346153846153846
2 0.6923076923076923 0.46634615384615385 0.11057692307692307 0.12259615384615384
3 0.8052884615384616 0.47115384615384615 0.10096153846153846 0.12259615384615384
4 0.18028846153846154 0.6634615384615384 0.11778846153846154 0.14182692307692307
5 0.2932692307692308 0.65625 0.10817307692307693 0.13701923076923078
6 0.40384615384615385 0.6586538461538461 0.10576923076923077 0.12980769230769232
7 0.5120192307692307 0.6490384615384616 0.11057692307692307 0.14423076923076922
8 0.6322115384615384 0.6466346153846154 0.11057692307692307 0.12740384615384615
9 0.7427884615384616 0.6466346153846154 0.11538461538461539 0.13701923076923078
0 0.8557692307692307 0.6514423076923077 0.11057692307692307 0.14423076923076922