28 0.10096153846153846 0.25240384615384615 0.09615384615384616 0.14423076923076922
29 0.25240384615384615 0.25721153846153844 0.12740384615384615 0.13942307692307693
30 0.4206730769230769 0.2548076923076923 0.1466346153846154 0.13942307692307693
31 0.5865384615384616 0.25240384615384615 0.14423076923076922 0.14182692307692307
32 0.7932692307692307 0.25240384615384615 0.18509615384615385 0.1466346153846154
33 0.125 0.46634615384615385 0.15384615384615385 0.15144230769230768
34 0.3004807692307692 0.46634615384615385 0.14182692307692307 0.14182692307692307
35 0.4639423076923077 0.46634615384615385 0.11298076923076923 0.13701923076923078
1 0.6057692307692307 0.4639423076923077 0.0889423076923077 0.15144230769230768
2 0.7259615384615384 0.4639423076923077 0.0985576923076923 0.13942307692307693
3 0.8533653846153846 0.46875 0.0889423076923077 0.13701923076923078
4 0.10096153846153846 0.6875 0.10096153846153846 0.16105769230769232
5 0.23076923076923078 0.6778846153846154 0.09134615384615384 0.15625
6 0.35336538461538464 0.6826923076923077 0.09134615384615384 0.1466346153846154
7 0.4807692307692308 0.6730769230769231 0.09134615384615384 0.16346153846153846
8 0.6153846153846154 0.6706730769230769 0.09615384615384616 0.14423076923076922
9 0.7427884615384616 0.6682692307692307 0.10096153846153846 0.15625
0 0.8677884615384616 0.6730769230769231 0.09134615384615384 0.1658653846153846