10 0.12740384615384615 0.30528846153846156 0.13942307692307693 0.13942307692307693
11 0.25961538461538464 0.30528846153846156 0.12259615384615384 0.1201923076923077
12 0.3870192307692308 0.30528846153846156 0.1201923076923077 0.11778846153846154
13 0.5072115384615384 0.2956730769230769 0.13942307692307693 0.12259615384615384
14 0.6418269230769231 0.3004807692307692 0.12259615384615384 0.125
15 0.7716346153846154 0.3004807692307692 0.12740384615384615 0.1201923076923077
16 0.1778846153846154 0.5024038461538461 0.13942307692307693 0.14903846153846154
17 0.3076923076923077 0.49038461538461536 0.15384615384615385 0.14182692307692307
19 0.42788461538461536 0.49278846153846156 0.11538461538461539 0.13221153846153846
20 0.5408653846153846 0.49038461538461536 0.14423076923076922 0.13942307692307693
21 0.6610576923076923 0.49038461538461536 0.125 0.12980769230769232
22 0.8052884615384616 0.4855769230769231 0.16346153846153846 0.11538461538461539
23 0.22355769230769232 0.6778846153846154 0.1658653846153846 0.13221153846153846
25 0.35096153846153844 0.6730769230769231 0.12259615384615384 0.10336538461538461
27 0.47836538461538464 0.6730769230769231 0.13942307692307693 0.14182692307692307
28 0.5793269230769231 0.6778846153846154 0.11057692307692307 0.13221153846153846
29 0.6971153846153846 0.6634615384615384 0.13221153846153846 0.1201923076923077
30 0.8197115384615384 0.65625 0.13701923076923078 0.1346153846153846