10 0.12259615384615384 0.27884615384615385 0.12740384615384615 0.15865384615384615
11 0.27163461538461536 0.27884615384615385 0.11057692307692307 0.13701923076923078
12 0.41586538461538464 0.2764423076923077 0.11057692307692307 0.13221153846153846
13 0.5528846153846154 0.2692307692307692 0.12980769230769232 0.13942307692307693
14 0.7067307692307693 0.27403846153846156 0.10817307692307693 0.14182692307692307
15 0.8509615384615384 0.27403846153846156 0.11778846153846154 0.13701923076923078
16 0.1346153846153846 0.5024038461538461 0.12259615384615384 0.16826923076923078
17 0.2860576923076923 0.4855769230769231 0.14182692307692307 0.16105769230769232
19 0.4206730769230769 0.49038461538461536 0.0985576923076923 0.14903846153846154
20 0.5504807692307693 0.4879807692307692 0.13221153846153846 0.15865384615384615
21 0.6826923076923077 0.4879807692307692 0.11057692307692307 0.1466346153846154
22 0.8461538461538461 0.4831730769230769 0.15625 0.12980769230769232
23 0.14903846153846154 0.6995192307692307 0.15865384615384615 0.15144230769230768
25 0.2932692307692308 0.6947115384615384 0.11538461538461539 0.11778846153846154
27 0.4375 0.6947115384615384 0.125 0.16105769230769232
28 0.5504807692307693 0.6995192307692307 0.09375 0.14903846153846154
29 0.6850961538461539 0.6826923076923077 0.12259615384615384 0.13701923076923078
30 0.8245192307692307 0.6754807692307693 0.125 0.15144230769230768