31 0.1346153846153846 0.2980769230769231 0.14423076923076922 0.1201923076923077
32 0.2860576923076923 0.2956730769230769 0.17548076923076922 0.125
33 0.4230769230769231 0.2980769230769231 0.1346153846153846 0.12740384615384615
34 0.5480769230769231 0.3004807692307692 0.13701923076923078 0.1201923076923077
35 0.6586538461538461 0.3004807692307692 0.11778846153846154 0.11298076923076923
1 0.7716346153846154 0.30288461538461536 0.08653846153846154 0.1201923076923077
2 0.1466346153846154 0.4879807692307692 0.0985576923076923 0.12740384615384615
3 0.24519230769230768 0.4879807692307692 0.08413461538461539 0.10576923076923077
4 0.3485576923076923 0.49278846153846156 0.09615384615384616 0.10817307692307693
5 0.4519230769230769 0.49038461538461536 0.11057692307692307 0.11298076923076923
6 0.5504807692307693 0.49278846153846156 0.10336538461538461 0.11778846153846154
7 0.6538461538461539 0.4951923076923077 0.09375 0.12259615384615384
8 0.75 0.49278846153846156 0.10336538461538461 0.12980769230769232
9 0.18028846153846154 0.6730769230769231 0.10336538461538461 0.11057692307692307
0 0.29086538461538464 0.6754807692307693 0.09134615384615384 0.11298076923076923