31 0.13701923076923078 0.27163461538461536 0.1346153846153846 0.1346153846153846
32 0.30528846153846156 0.27163461538461536 0.16826923076923078 0.13942307692307693
33 0.45913461538461536 0.27163461538461536 0.12259615384615384 0.14182692307692307
34 0.5985576923076923 0.2764423076923077 0.125 0.1346153846153846
35 0.7235576923076923 0.2764423076923077 0.10576923076923077 0.12740384615384615
1 0.8485576923076923 0.27884615384615385 0.07211538461538461 0.1346153846153846
2 0.10817307692307693 0.4855769230769231 0.08413461538461539 0.14182692307692307
3 0.21875 0.4855769230769231 0.07211538461538461 0.11778846153846154
4 0.3317307692307692 0.49038461538461536 0.08413461538461539 0.12259615384615384
5 0.44711538461538464 0.49038461538461536 0.09615384615384616 0.12740384615384615
6 0.5600961538461539 0.49038461538461536 0.0889423076923077 0.13221153846153846
7 0.6754807692307693 0.49278846153846156 0.07692307692307693 0.13701923076923078
8 0.78125 0.49278846153846156 0.08653846153846154 0.14423076923076922
9 0.10336538461538461 0.6923076923076923 0.09134615384615384 0.125
0 0.22596153846153846 0.6947115384615384 0.07692307692307693 0.12740384615384615