10 0.11778846153846154 0.36778846153846156 0.12259615384615384 0.15144230769230768
11 0.25961538461538464 0.3701923076923077 0.10096153846153846 0.13942307692307693
12 0.3918269230769231 0.36538461538461536 0.10096153846153846 0.13701923076923078
13 0.5216346153846154 0.36538461538461536 0.11298076923076923 0.1346153846153846
14 0.6634615384615384 0.3629807692307692 0.11538461538461539 0.13221153846153846
15 0.7932692307692307 0.36778846153846156 0.11298076923076923 0.14423076923076922
16 0.12259615384615384 0.6201923076923077 0.0985576923076923 0.16826923076923078
17 0.2692307692307692 0.6009615384615384 0.13701923076923078 0.14182692307692307
19 0.3918269230769231 0.6105769230769231 0.08653846153846154 0.15865384615384615
20 0.5192307692307693 0.6009615384615384 0.12259615384615384 0.15625
21 0.6538461538461539 0.6177884615384616 0.125 0.17307692307692307
22 0.8293269230769231 0.5985576923076923 0.18028846153846154 0.14903846153846154