23 0.14423076923076922 0.3557692307692308 0.15384615384615385 0.14903846153846154
25 0.27403846153846156 0.3485576923076923 0.12980769230769232 0.1466346153846154
27 0.39903846153846156 0.34615384615384615 0.1658653846153846 0.18028846153846154
28 0.53125 0.3581730769230769 0.12740384615384615 0.13701923076923078
29 0.6514423076923077 0.35336538461538464 0.1346153846153846 0.12980769230769232
30 0.7884615384615384 0.35336538461538464 0.16346153846153846 0.12740384615384615
31 0.18990384615384615 0.5745192307692307 0.14423076923076922 0.13221153846153846
32 0.34615384615384615 0.5745192307692307 0.19230769230769232 0.13221153846153846
33 0.4951923076923077 0.5745192307692307 0.14182692307692307 0.13701923076923078
34 0.6394230769230769 0.5913461538461539 0.14182692307692307 0.1466346153846154
35 0.7572115384615384 0.5817307692307693 0.12980769230769232 0.1346153846153846
1 0.8533653846153846 0.5913461538461539 0.09134615384615384 0.10576923076923077