23 0.13701923076923078 0.3389423076923077 0.13701923076923078 0.1658653846153846
25 0.28125 0.3293269230769231 0.11057692307692307 0.16346153846153846
27 0.4230769230769231 0.3293269230769231 0.14423076923076922 0.20192307692307693
28 0.5673076923076923 0.34375 0.11057692307692307 0.15144230769230768
29 0.7019230769230769 0.3389423076923077 0.1201923076923077 0.14423076923076922
30 0.8533653846153846 0.33653846153846156 0.15144230769230768 0.14182692307692307
31 0.13942307692307693 0.5841346153846154 0.12980769230769232 0.14903846153846154
32 0.31009615384615385 0.5817307692307693 0.18509615384615385 0.1466346153846154
33 0.4807692307692308 0.5817307692307693 0.12740384615384615 0.15144230769230768
34 0.6346153846153846 0.6009615384615384 0.125 0.16346153846153846
35 0.7692307692307693 0.5913461538461539 0.11538461538461539 0.14903846153846154
1 0.875 0.6009615384615384 0.07692307692307693 0.11778846153846154