15 0.13221153846153846 0.25961538461538464 0.125 0.1346153846153846
16 0.30528846153846156 0.25961538461538464 0.125 0.14182692307692307
17 0.4879807692307692 0.25961538461538464 0.14182692307692307 0.1346153846153846
19 0.6466346153846154 0.2620192307692308 0.0889423076923077 0.1466346153846154
20 0.8125 0.25961538461538464 0.12740384615384615 0.12980769230769232
21 0.13221153846153846 0.4735576923076923 0.10817307692307693 0.1346153846153846
22 0.3173076923076923 0.47596153846153844 0.17307692307692307 0.13701923076923078
23 0.5216346153846154 0.47836538461538464 0.14182692307692307 0.13701923076923078
25 0.6899038461538461 0.47836538461538464 0.10576923076923077 0.12740384615384615
27 0.8533653846153846 0.4807692307692308 0.13221153846153846 0.13701923076923078
28 0.13221153846153846 0.6899038461538461 0.10576923076923077 0.13701923076923078
29 0.2980769230769231 0.6971153846153846 0.13221153846153846 0.1346153846153846
30 0.4735576923076923 0.6995192307692307 0.1346153846153846 0.1346153846153846
31 0.6538461538461539 0.6971153846153846 0.14423076923076922 0.13942307692307693