10 0.13221153846153846 0.28846153846153844 0.15865384615384615 0.1466346153846154
11 0.2668269230769231 0.28846153846153844 0.13221153846153846 0.12259615384615384
12 0.4254807692307692 0.28846153846153844 0.15144230769230768 0.125
13 0.5793269230769231 0.28365384615384615 0.1466346153846154 0.12259615384615384
14 0.7403846153846154 0.2860576923076923 0.1346153846153846 0.125
15 0.16346153846153846 0.47596153846153844 0.12980769230769232 0.125
16 0.3125 0.47596153846153844 0.15384615384615385 0.12740384615384615
17 0.47836538461538464 0.4831730769230769 0.1466346153846154 0.12259615384615384
19 0.6057692307692307 0.4951923076923077 0.11057692307692307 0.15384615384615385
20 0.7355769230769231 0.4807692307692308 0.16105769230769232 0.13942307692307693
21 0.19951923076923078 0.6730769230769231 0.1346153846153846 0.13942307692307693
22 0.36778846153846156 0.6730769230769231 0.1875 0.1201923076923077
23 0.5456730769230769 0.6802884615384616 0.15865384615384615 0.12980769230769232
25 0.6947115384615384 0.6754807692307693 0.12980769230769232 0.125
27 0.8533653846153846 0.6730769230769231 0.16105769230769232 0.1201923076923077