10 0.12980769230769232 0.25961538461538464 0.1466346153846154 0.1658653846153846
11 0.28365384615384615 0.25961538461538464 0.125 0.13942307692307693
12 0.4639423076923077 0.25961538461538464 0.14182692307692307 0.14182692307692307
13 0.6394230769230769 0.2548076923076923 0.13942307692307693 0.13942307692307693
14 0.8221153846153846 0.25721153846153844 0.125 0.14182692307692307
15 0.12259615384615384 0.4735576923076923 0.1201923076923077 0.14182692307692307
16 0.2932692307692308 0.47596153846153844 0.1466346153846154 0.14423076923076922
17 0.4807692307692308 0.4807692307692308 0.13942307692307693 0.13942307692307693
19 0.6201923076923077 0.49759615384615385 0.09134615384615384 0.17548076923076922
20 0.7716346153846154 0.47836538461538464 0.15144230769230768 0.15865384615384615
21 0.11778846153846154 0.6971153846153846 0.1201923076923077 0.15865384615384615
22 0.31009615384615385 0.6995192307692307 0.18509615384615385 0.13701923076923078
23 0.5120192307692307 0.7043269230769231 0.14903846153846154 0.1466346153846154
25 0.6826923076923077 0.7019230769230769 0.1201923076923077 0.14423076923076922
27 0.8629807692307693 0.6995192307692307 0.15625 0.13701923076923078