28 0.10336538461538461 0.2692307692307692 0.10096153846153846 0.13701923076923078
29 0.25 0.27403846153846156 0.12259615384615384 0.13221153846153846
30 0.41346153846153844 0.27163461538461536 0.1201923076923077 0.13942307692307693
31 0.5793269230769231 0.27403846153846156 0.1346153846153846 0.13942307692307693
32 0.7692307692307693 0.2692307692307692 0.18990384615384615 0.14182692307692307
33 0.1201923076923077 0.49759615384615385 0.15384615384615385 0.13942307692307693
34 0.29086538461538464 0.49278846153846156 0.14182692307692307 0.1346153846153846
35 0.4495192307692308 0.4951923076923077 0.11778846153846154 0.13701923076923078
1 0.5985576923076923 0.49759615384615385 0.07451923076923077 0.13701923076923078
2 0.7403846153846154 0.49038461538461536 0.08653846153846154 0.14182692307692307
3 0.8822115384615384 0.49278846153846156 0.0985576923076923 0.14903846153846154
4 0.10576923076923077 0.7115384615384616 0.10336538461538461 0.14903846153846154
5 0.23798076923076922 0.7091346153846154 0.09615384615384616 0.13701923076923078
6 0.38461538461538464 0.7115384615384616 0.08653846153846154 0.14903846153846154
7 0.5288461538461539 0.7163461538461539 0.09615384615384616 0.14903846153846154
8 0.6658653846153846 0.71875 0.0889423076923077 0.14182692307692307
9 0.8100961538461539 0.7139423076923077 0.0985576923076923 0.12980769230769232