0 0.11778846153846154 0.2692307692307692 0.10576923076923077 0.1201923076923077
10 0.16826923076923078 0.47115384615384615 0.13701923076923078 0.13942307692307693
11 0.30528846153846156 0.47596153846153844 0.11298076923076923 0.12980769230769232
12 0.4423076923076923 0.47596153846153844 0.11778846153846154 0.125
13 0.5817307692307693 0.4807692307692308 0.12259615384615384 0.13942307692307693
14 0.7163461538461539 0.47596153846153844 0.11538461538461539 0.12259615384615384
15 0.20673076923076922 0.6706730769230769 0.11298076923076923 0.12980769230769232
16 0.33413461538461536 0.6682692307692307 0.11538461538461539 0.125
17 0.47836538461538464 0.6754807692307693 0.13221153846153846 0.12740384615384615
19 0.59375 0.6706730769230769 0.10576923076923077 0.12259615384615384
20 0.7307692307692307 0.6706730769230769 0.1201923076923077 0.13221153846153846
21 0.8629807692307693 0.6682692307692307 0.11538461538461539 0.12259615384615384