22 0.12980769230769232 0.37740384615384615 0.14423076923076922 0.14182692307692307
23 0.2932692307692308 0.37259615384615385 0.14182692307692307 0.15625
25 0.4423076923076923 0.37740384615384615 0.11538461538461539 0.13701923076923078
27 0.5913461538461539 0.375 0.12259615384615384 0.13942307692307693
28 0.7331730769230769 0.37259615384615385 0.1201923076923077 0.13701923076923078
29 0.14903846153846154 0.5841346153846154 0.12740384615384615 0.13221153846153846
30 0.28125 0.5865384615384616 0.12740384615384615 0.1346153846153846
31 0.4254807692307692 0.5889423076923077 0.1346153846153846 0.12980769230769232
32 0.5841346153846154 0.5913461538461539 0.16826923076923078 0.13221153846153846
33 0.7451923076923077 0.5889423076923077 0.12259615384615384 0.13701923076923078
34 0.8798076923076923 0.5889423076923077 0.11778846153846154 0.14423076923076922