35 0.14423076923076922 0.3629807692307692 0.12740384615384615 0.13942307692307693
1 0.2548076923076923 0.36778846153846156 0.08653846153846154 0.14423076923076922
2 0.375 0.3701923076923077 0.1201923076923077 0.14903846153846154
3 0.5096153846153846 0.3629807692307692 0.12259615384615384 0.14903846153846154
4 0.6514423076923077 0.3605769230769231 0.11538461538461539 0.16105769230769232
5 0.7908653846153846 0.3629807692307692 0.11778846153846154 0.14423076923076922
6 0.17548076923076922 0.5721153846153846 0.1201923076923077 0.17548076923076922
7 0.31009615384615385 0.5745192307692307 0.11538461538461539 0.15144230769230768
8 0.44471153846153844 0.5793269230769231 0.1201923076923077 0.15144230769230768
9 0.5841346153846154 0.5817307692307693 0.11778846153846154 0.15144230769230768
0 0.7211538461538461 0.5841346153846154 0.1346153846153846 0.1466346153846154