5 0.15144230769230768 0.2620192307692308 0.22596153846153846 0.14423076923076922
6 0.3918269230769231 0.25721153846153844 0.23076923076923078 0.1466346153846154
7 0.6153846153846154 0.2644230769230769 0.21394230769230768 0.13942307692307693
8 0.20432692307692307 0.4831730769230769 0.23317307692307693 0.1346153846153846
9 0.4495192307692308 0.4831730769230769 0.21875 0.13221153846153846
0 0.6947115384615384 0.47836538461538464 0.23317307692307693 0.1346153846153846
10 0.20673076923076922 0.7115384615384616 0.15625 0.17307692307692307
11 0.3557692307692308 0.7019230769230769 0.13701923076923078 0.12980769230769232
12 0.5144230769230769 0.7019230769230769 0.16105769230769232 0.14182692307692307
13 0.6754807692307693 0.7091346153846154 0.15865384615384615 0.15625
14 0.8293269230769231 0.7115384615384616 0.14423076923076922 0.14903846153846154