5 0.15625 0.2283653846153846 0.22596153846153846 0.1658653846153846
6 0.43028846153846156 0.22115384615384615 0.23076923076923078 0.17067307692307693
7 0.6875 0.23076923076923078 0.21394230769230768 0.16105769230769232
8 0.16346153846153846 0.4807692307692308 0.23798076923076922 0.15384615384615385
9 0.44471153846153844 0.4807692307692308 0.22115384615384615 0.15144230769230768
0 0.7307692307692307 0.47596153846153844 0.23798076923076922 0.15384615384615385
10 0.11298076923076923 0.7427884615384616 0.13942307692307693 0.19951923076923078
11 0.2860576923076923 0.7331730769230769 0.125 0.14903846153846154
12 0.46875 0.7331730769230769 0.15144230769230768 0.16346153846153846
13 0.6538461538461539 0.7427884615384616 0.1466346153846154 0.18028846153846154
14 0.8293269230769231 0.7427884615384616 0.12980769230769232 0.17067307692307693