32 0.15625 0.29086538461538464 0.1875 0.1201923076923077
33 0.3389423076923077 0.2932692307692308 0.14182692307692307 0.12740384615384615
34 0.4951923076923077 0.2932692307692308 0.13701923076923078 0.11778846153846154
35 0.6490384615384616 0.29086538461538464 0.125 0.125
1 0.7908653846153846 0.2932692307692308 0.10336538461538461 0.11538461538461539
2 0.1658653846153846 0.4951923076923077 0.11778846153846154 0.11778846153846154
3 0.30528846153846156 0.49278846153846156 0.10336538461538461 0.11057692307692307
4 0.43509615384615385 0.4879807692307692 0.12980769230769232 0.13221153846153846
5 0.5745192307692307 0.49278846153846156 0.11298076923076923 0.13221153846153846
6 0.71875 0.49038461538461536 0.12980769230769232 0.14182692307692307
7 0.2091346153846154 0.6923076923076923 0.11778846153846154 0.14423076923076922
8 0.3389423076923077 0.6923076923076923 0.11298076923076923 0.12980769230769232
9 0.47836538461538464 0.6923076923076923 0.125 0.13221153846153846
0 0.6225961538461539 0.6923076923076923 0.12980769230769232 0.1346153846153846