32 0.15865384615384615 0.2620192307692308 0.18509615384615385 0.13701923076923078
33 0.3629807692307692 0.2644230769230769 0.13221153846153846 0.14423076923076922
34 0.5408653846153846 0.2644230769230769 0.12980769230769232 0.13221153846153846
35 0.7139423076923077 0.2620192307692308 0.11298076923076923 0.14182692307692307
1 0.8774038461538461 0.2644230769230769 0.09134615384615384 0.13221153846153846
2 0.1201923076923077 0.4951923076923077 0.10576923076923077 0.1346153846153846
3 0.28125 0.49278846153846156 0.09134615384615384 0.125
4 0.43028846153846156 0.4855769230769231 0.11778846153846154 0.15144230769230768
5 0.5865384615384616 0.49038461538461536 0.0985576923076923 0.15144230769230768
6 0.75 0.4879807692307692 0.11538461538461539 0.16105769230769232
7 0.12740384615384615 0.71875 0.10096153846153846 0.1658653846153846
8 0.27403846153846156 0.71875 0.0985576923076923 0.14903846153846154
9 0.43028846153846156 0.71875 0.11057692307692307 0.15144230769230768
0 0.5961538461538461 0.71875 0.11778846153846154 0.15144230769230768