15 0.12980769230769232 0.2980769230769231 0.13701923076923078 0.13942307692307693
16 0.27403846153846156 0.29086538461538464 0.1466346153846154 0.11778846153846154
17 0.4326923076923077 0.29086538461538464 0.1466346153846154 0.11778846153846154
19 0.5697115384615384 0.29086538461538464 0.10817307692307693 0.11778846153846154
20 0.71875 0.2956730769230769 0.15865384615384615 0.12980769230769232
21 0.16826923076923078 0.47596153846153844 0.13701923076923078 0.1346153846153846
22 0.3389423076923077 0.4879807692307692 0.18990384615384615 0.13942307692307693
23 0.5024038461538461 0.4807692307692308 0.14182692307692307 0.1346153846153846
25 0.6442307692307693 0.4831730769230769 0.12259615384615384 0.13221153846153846
27 0.7932692307692307 0.4855769230769231 0.14182692307692307 0.12259615384615384
28 0.20432692307692307 0.6826923076923077 0.12740384615384615 0.13701923076923078
29 0.33653846153846156 0.6802884615384616 0.12980769230769232 0.1346153846153846
30 0.47596153846153844 0.6754807692307693 0.15144230769230768 0.12980769230769232
31 0.6346153846153846 0.6778846153846154 0.14423076923076922 0.125
32 0.8100961538461539 0.6730769230769231 0.19471153846153846 0.12740384615384615