33 0.12259615384615384 0.37740384615384615 0.14423076923076922 0.14182692307692307
34 0.2764423076923077 0.37740384615384615 0.15625 0.13221153846153846
35 0.4230769230769231 0.37259615384615385 0.13701923076923078 0.13942307692307693
1 0.5576923076923077 0.38221153846153844 0.0985576923076923 0.13221153846153846
2 0.6682692307692307 0.3798076923076923 0.10576923076923077 0.12980769230769232
3 0.7836538461538461 0.375 0.10817307692307693 0.13701923076923078
4 0.14423076923076922 0.5721153846153846 0.10576923076923077 0.12259615384615384
5 0.25721153846153844 0.5721153846153846 0.11778846153846154 0.125
6 0.3798076923076923 0.5745192307692307 0.11538461538461539 0.13942307692307693
7 0.4951923076923077 0.5745192307692307 0.12740384615384615 0.13942307692307693
8 0.6153846153846154 0.5673076923076923 0.11298076923076923 0.13221153846153846
9 0.7235576923076923 0.5673076923076923 0.11298076923076923 0.1346153846153846
0 0.8461538461538461 0.5697115384615384 0.12259615384615384 0.1466346153846154