26 0.14423076923076922 0.3317307692307692 0.15144230769230768 0.15865384615384615
26 0.3245192307692308 0.31971153846153844 0.14903846153846154 0.18509615384615385
26 0.53125 0.34134615384615385 0.15144230769230768 0.19471153846153846
26 0.7331730769230769 0.3269230769230769 0.15865384615384615 0.17307692307692307
26 0.15384615384615385 0.6298076923076923 0.16346153846153846 0.17548076923076922
26 0.33653846153846156 0.6346153846153846 0.15144230769230768 0.16105769230769232
26 0.5120192307692307 0.6225961538461539 0.11778846153846154 0.20432692307692307
26 0.6826923076923077 0.6442307692307693 0.15384615384615385 0.19230769230769232
26 0.8846153846153846 0.6225961538461539 0.14182692307692307 0.21394230769230768
18 0.12088942307692307 0.0770673076923077 0.04384615384615384 0.04100961538461538
24 0.2559375 0.07423076923076923 0.04807692307692308 0.05230769230769231