0 0.24690677966101696 0.5558405172413794 0.1110593220338983 0.057219827586206896
1 0.3755508474576271 0.5557327586206897 0.10639830508474576 0.05896551724137931
4 0.736228813559322 0.5548491379310344 0.09970338983050848 0.059159482758620686
5 0.24864406779661016 0.6159913793103449 0.11063559322033899 0.05603448275862069
6 0.3572457627118644 0.617844827586207 0.08135593220338982 0.061724137931034484
7 0.49300847457627117 0.6161853448275862 0.10250000000000001 0.0525
9 0.7639406779661017 0.6174568965517241 0.1089406779661017 0.060926724137931036
10 0.2511440677966102 0.6782974137931035 0.09639830508474577 0.055258620689655175
11 0.36957627118644065 0.6781896551724138 0.10597457627118645 0.057004310344827586
12 0.49377118644067797 0.6788793103448276 0.10402542372881356 0.0525
13 0.6137288135593221 0.6768318965517242 0.1013135593220339 0.0503448275862069
14 0.7379661016949153 0.678103448275862 0.1147457627118644 0.05877155172413793
15 0.13097457627118644 0.740301724137931 0.10258474576271187 0.05976293103448276
17 0.37322033898305085 0.7395258620689655 0.10173728813559323 0.05818965517241379
18 0.49360169491525424 0.7391163793103448 0.1075 0.057413793103448275
20 0.7423728813559322 0.7397198275862069 0.11203389830508476 0.0546551724137931
21 0.8550423728813559 0.7415732758620689 0.1133050847457627 0.0525
23 0.44525423728813557 0.8029094827586207 0.09940677966101695 0.053685344827586204
25 0.6877118644067797 0.8029956896551723 0.11050847457627118 0.05191810344827586