0 0.08258474576271185 0.07372759856630824 0.14483050847457626 0.1310752688172043
1 0.24995762711864408 0.07756272401433692 0.1344915254237288 0.12340501792114696
2 0.4215254237288136 0.07272401433691755 0.12050847457627119 0.1085663082437276
3 0.5864406779661017 0.07476702508960573 0.12953389830508474 0.13311827956989247
4 0.7604661016949152 0.08551971326164874 0.12042372881355932 0.14440860215053763
5 0.907542372881356 0.07835125448028674 0.11190677966101695 0.13007168458781362
6 0.08470338983050847 0.21992831541218638 0.1309322033898305 0.1418279569892473
7 0.24843220338983052 0.20917562724014338 0.13754237288135593 0.13057347670250896
8 0.4161016949152542 0.21455197132616488 0.09754237288135593 0.1157347670250896
9 0.5752542372881355 0.20992831541218637 0.11322033898305084 0.11673835125448029
10 0.7480508474576271 0.21634408602150537 0.12584745762711863 0.12440860215053763
11 0.9259745762711864 0.2104301075268817 0.0943220338983051 0.12799283154121865
12 0.09622881355932204 0.347921146953405 0.14182203389830508 0.1111111111111111
13 0.2577966101694915 0.3535483870967742 0.138135593220339 0.13261648745519714
14 0.4191101694915254 0.3571326164874552 0.11567796610169492 0.15003584229390682
15 0.5822033898305085 0.35021505376344086 0.10898305084745762 0.1310752688172043
16 0.7513559322033898 0.3527956989247312 0.1385593220338983 0.1464516129032258
17 0.918135593220339 0.3517562724014337 0.11491525423728814 0.1239068100358423
18 0.08258474576271185 0.48820788530465953 0.12063559322033898 0.12544802867383512
19 0.2532627118644068 0.496415770609319 0.09877118644067796 0.12136200716845878
20 0.42241525423728815 0.49795698924731185 0.15258474576271186 0.1346594982078853
21 0.5852542372881356 0.49358422939068103 0.1271186440677966 0.1310752688172043
22 0.745635593220339 0.4946236559139785 0.1452542372881356 0.13311827956989247
23 0.9153813559322034 0.49207885304659493 0.1397457627118644 0.13824372759856632
24 0.08046610169491525 0.623405017921147 0.11033898305084745 0.12953405017921146
25 0.2450847457627119 0.6297849462365591 0.12483050847457627 0.11673835125448029