4 0.8688135593220339 0.20226114649681529 0.10860169491525423 0.12101910828025478
3 0.6952118644067796 0.22041401273885347 0.11084745762711865 0.10544585987261146
2 0.5089406779661017 0.21694267515923568 0.13377118644067798 0.12273885350318471
6 0.32152542372881354 0.37856687898089175 0.12220338983050848 0.1279299363057325
5 0.13639830508474576 0.3768471337579618 0.08762711864406779 0.1002547770700637
7 0.5020338983050847 0.3673248407643312 0.11995762711864406 0.09853503184713376
9 0.7113135593220339 0.37337579617834393 0.09707627118644067 0.1140764331210191
8 0.6434745762711865 0.3742675159235669 0.08093220338983051 0.1089171974522293
10 0.8573305084745764 0.36560509554140125 0.15461864406779663 0.12273885350318471
15 0.8653813559322033 0.5237898089171974 0.12932203389830507 0.12101910828025478
13 0.48822033898305084 0.53328025477707 0.12915254237288135 0.11235668789808917
14 0.6940677966101695 0.5376114649681528 0.14995762711864408 0.10716560509554139
12 0.3203813559322034 0.535031847133758 0.1613135593220339 0.10200636942675159
11 0.1433050847457627 0.53328025477707 0.09224576271186441 0.12273885350318471
17 0.338771186440678 0.6793630573248407 0.11072033898305084 0.09334394904458598
16 0.1674576271186441 0.6862738853503185 0.1451271186440678 0.10716560509554139
18 0.5089406779661017 0.6897452229299363 0.1291949152542373 0.09334394904458598
19 0.6744915254237288 0.6854140127388535 0.11084745762711865 0.115828025477707
20 0.8527118644067797 0.6862738853503185 0.14542372881355933 0.1002547770700637
25 0.8492796610169492 0.8384076433121019 0.15228813559322033 0.1140764331210191
24 0.6928813559322035 0.8409872611464968 0.12466101694915255 0.1192675159235669
23 0.5365254237288136 0.8435987261146496 0.12457627118644067 0.1002547770700637
21 0.15021186440677967 0.836656050955414 0.14283898305084747 0.1002547770700637
22 0.3364830508474576 0.8392675159235667 0.1705084745762712 0.13312101910828025