0 0.1422978723404255 0.10975806451612903 0.18829787234042553 0.17115591397849464
1 0.333531914893617 0.11365591397849463 0.17148936170212764 0.1729301075268817
2 0.5032340425531915 0.11349462365591398 0.15548936170212765 0.16368279569892474
3 0.6784255319148936 0.11290322580645161 0.17680851063829786 0.17443548387096774
4 0.8566382978723405 0.11723118279569893 0.15136170212765956 0.1681720430107527
5 0.13404255319148936 0.2961559139784946 0.1481276595744681 0.1735483870967742
6 0.33042553191489366 0.2992741935483871 0.18634042553191488 0.16486559139784945
7 0.5467234042553191 0.3015322580645161 0.1886382978723404 0.17233870967741935
8 0.7168936170212766 0.30061827956989245 0.09404255319148937 0.1645698924731183
9 0.8617872340425532 0.2985483870967742 0.1332340425531915 0.1663709677419355
10 0.1371063829787234 0.4849193548387096 0.18736170212765957 0.16876344086021505
11 0.3091914893617021 0.4850537634408602 0.14927659574468086 0.1660752688172043
12 0.4909787234042553 0.49134408602150537 0.22544680851063828 0.17263440860215054
13 0.6968510638297872 0.48685483870967744 0.18723404255319148 0.1696505376344086
14 0.8729361702127659 0.4856720430107527 0.18017021276595746 0.16725806451612904
15 0.14110638297872338 0.6750268817204301 0.17174468085106384 0.1696505376344086
16 0.33161702127659576 0.6835483870967742 0.1877872340425532 0.18368279569892473
17 0.5297446808510639 0.6766666666666666 0.18195744680851064 0.17591397849462365
18 0.7088936170212766 0.6706989247311828 0.15838297872340426 0.1639784946236559
19 0.8852340425531915 0.6720430107526881 0.17451063829787233 0.17561827956989245
20 0.13544680851063828 0.884247311827957 0.1793191489361702 0.1789247311827957
22 0.34514893617021275 0.8844086021505376 0.25140425531914895 0.1738440860215054
23 0.5495744680851065 0.8829032258064516 0.1838723404255319 0.16725806451612904
24 0.7263829787234042 0.8832258064516129 0.18957446808510636 0.1618817204301075
25 0.8928085106382979 0.8836559139784947 0.15940425531914895 0.1657795698924731