0 0.1803813559322034 0.15044827586206896 0.17042372881355933 0.16024137931034482
1 0.3486864406779661 0.15058620689655172 0.1455508474576271 0.15817241379310343
2 0.5069915254237288 0.1483793103448276 0.1429237288135593 0.1606896551724138
3 0.668135593220339 0.14920689655172414 0.14597457627118646 0.1645862068965517
4 0.8295762711864407 0.14748275862068966 0.1552542372881356 0.16803448275862068
5 0.10610169491525423 0.323 0.1292372881355932 0.1627586206896552
6 0.26 0.3237931034482759 0.1489406779661017 0.1666551724137931
7 0.4373728813559322 0.3240344827586207 0.16470338983050847 0.17172413793103447
8 0.5836864406779662 0.3220689655172414 0.08444915254237288 0.16093103448275864
9 0.7023305084745762 0.32241379310344825 0.1296186440677966 0.16389655172413795
10 0.8772881355932203 0.32389655172413795 0.15470338983050846 0.17379310344827587
11 0.13432203389830508 0.5009310344827587 0.14050847457627116 0.1645862068965517
12 0.3214406779661017 0.5001034482758621 0.1955508474576271 0.1606896551724138
13 0.518177966101695 0.4974827586206897 0.15677966101694915 0.16231034482758622
15 0.8657203389830509 0.5021724137931034 0.14847457627118643 0.16024137931034482
14 0.7048728813559322 0.5025172413793103 0.12902542372881357 0.1540344827586207
16 0.1745762711864407 0.6864482758620689 0.16169491525423726 0.16551724137931034
17 0.3417796610169491 0.680103448275862 0.1458050847457627 0.16896551724137931
18 0.5054661016949152 0.6798965517241379 0.1369915254237288 0.16389655172413795
19 0.6568644067796611 0.6794137931034483 0.14601694915254237 0.15931034482758621
20 0.8306779661016949 0.673896551724138 0.14847457627118643 0.16113793103448273
25 0.8559745762711864 0.8547241379310345 0.13182203389830507 0.16182758620689655
24 0.706271186440678 0.8555172413793103 0.14881355932203388 0.16575862068965516
23 0.554322033898305 0.8513793103448276 0.1386864406779661 0.15748275862068967
22 0.3621186440677966 0.8593103448275862 0.2090677966101695 0.16182758620689655
21 0.15834745762711863 0.853103448275862 0.1715677966101695 0.16551724137931034