0 0.05224576271186441 0.15592814371257485 0.06661016949152543 0.07236526946107785
1 0.052415254237288135 0.2198802395209581 0.08707627118644068 0.0542814371257485
2 0.05639830508474576 0.28910179640718564 0.08970338983050848 0.06550898203592814
3 0.05639830508474576 0.3536826347305389 0.06851694915254238 0.05239520958083832
4 0.05639830508474576 0.42290419161676646 0.0738135593220339 0.059880239520958084
5 0.06699152542372881 0.4865269461077844 0.0738135593220339 0.05239520958083832
6 0.06567796610169492 0.5548203592814371 0.08177966101694915 0.0542814371257485
7 0.05771186440677966 0.6278143712574851 0.09766949152542373 0.06550898203592814
8 0.053771186440677965 0.6970359281437126 0.08970338983050848 0.0542814371257485
10 0.05639830508474576 0.8252395209580838 0.07911016949152543 0.06362275449101797
11 0.05906779661016949 0.8972754491017964 0.0738135593220339 0.05802395209580838
11 0.06567796610169492 0.9664970059880239 0.08707627118644068 0.06176646706586826
9 0.06169491525423729 0.7578742514970059 0.08440677966101695 0.059880239520958084
14 0.8255932203389831 0.23110778443113772 0.07618644067796611 0.0542814371257485
15 0.8176694915254237 0.3012874251497006 0.060296610169491525 0.05239520958083832
18 0.8150000000000001 0.5005688622754491 0.06559322033898306 0.0542814371257485
21 0.8242796610169492 0.6979940119760479 0.05766949152542373 0.06362275449101797
22 0.8282203389830509 0.7616167664670659 0.07618644067796611 0.048652694610778445
23 0.8216101694915254 0.8308383233532934 0.06826271186440677 0.05239520958083832
25 0.8282627118644068 0.9637125748502994 0.07088983050847458 0.059880239520958084