14 0.42262711864406777 0.24092417061611374 0.1451271186440678 0.0921563981042654
18 0.08288135593220339 0.3277962085308057 0.16576271186440678 0.11848341232227488
2 0.42733050847457626 0.05135071090047394 0.17334745762711862 0.0921563981042654
14 0.756864406779661 0.7227488151658767 0.1355508474576271 0.09741706161137441
14 0.9169067796610169 0.7267061611374408 0.1355084745762712 0.0842654028436019
14 0.09783898305084746 0.8425592417061611 0.1358050847457627 0.07372037914691942
14 0.23436440677966103 0.8412322274881516 0.15457627118644066 0.08161137440758293
14 0.37322033898305085 0.8464928909952607 0.12156779661016949 0.07635071090047393
20 0.6415254237288136 0.8425592417061611 0.12148305084745764 0.0895260663507109
20 0.5167796610169492 0.8438625592417062 0.12622881355932203 0.07635071090047393
20 0.4297033898305085 0.33701421800947867 0.17805084745762714 0.0895260663507109