13 0.19152542372881357 0.09893617021276596 0.34453389830508474 0.1747659574468085
14 0.5199152542372881 0.0995531914893617 0.36067796610169495 0.18327659574468086
15 0.8273728813559321 0.09878723404255318 0.3026694915254238 0.18480851063829787
16 0.2711016949152542 0.27508510638297873 0.46131355932203394 0.18480851063829787
17 0.7186864406779662 0.2723404255319149 0.3697881355932203 0.18540425531914895
18 0.17033898305084746 0.4422553191489362 0.2900847457627118 0.17872340425531916
19 0.45305084745762714 0.44240425531914895 0.31889830508474576 0.16991489361702128
20 0.7768220338983052 0.44802127659574464 0.36135593220338985 0.1781063829787234
21 0.2090677966101695 0.6100212765957447 0.3433050847457627 0.17993617021276595
22 0.6678389830508475 0.6150425531914894 0.5102118644067797 0.1747659574468085
23 0.19546610169491527 0.774468085106383 0.3221186440677966 0.17751063829787236
24 0.5008474576271187 0.7819148936170213 0.3080084745762712 0.1772127659574468
25 0.7913559322033898 0.7781063829787234 0.33228813559322035 0.17263829787234042
6 0.3470762711864407 0.9344893617021276 0.25610169491525425 0.10851063829787234
13 0.8527542372881356 0.9495531914893618 0.23237288135593223 0.093
0 0.6630084745762712 0.9504468085106382 0.1858050847457627 0.08874468085106384
0 0.5119915254237288 0.9297872340425531 0.14411016949152541 0.12036170212765958