0 0.11817796610169491 0.13004683840749415 0.20351694915254237 0.1387822014051522
1 0.33046610169491525 0.1385480093676815 0.1998728813559322 0.13360655737704918
3 0.7219915254237288 0.1385480093676815 0.1801271186440678 0.13360655737704918
5 0.15521186440677967 0.2779391100702576 0.21508474576271186 0.1387822014051522
6 0.3725847457627119 0.28374707259953164 0.19050847457627118 0.13311475409836065
7 0.5695338983050847 0.28262295081967215 0.1961864406779661 0.13337236533957847
8 0.7429661016949153 0.28669789227166276 0.1239406779661017 0.12918032786885245
9 0.9041949152542372 0.28398126463700235 0.1653813559322034 0.12868852459016394
10 0.17661016949152541 0.42845433255269316 0.22224576271186441 0.13409836065573771
11 0.4002542372881356 0.431288056206089 0.19228813559322036 0.12252927400468384
12 0.6238983050847458 0.43351288056206094 0.19800847457627116 0.13189695550351288
13 0.8611440677966101 0.43299765807962526 0.22648305084745765 0.1407728337236534
14 0.1402542372881356 0.5741451990632318 0.18076271186440676 0.12721311475409836
15 0.333135593220339 0.5779625292740047 0.1874152542372881 0.13533957845433256
16 0.5472033898305084 0.5781967213114754 0.1694915254237288 0.13288056206088994
17 0.7354237288135593 0.5805386416861826 0.2033898305084746 0.1301639344262295
18 0.9140677966101695 0.580304449648712 0.17186440677966103 0.13459016393442622
19 0.1641101694915254 0.7246370023419204 0.23292372881355933 0.1323887587822014
20 0.4060593220338983 0.7319203747072599 0.19495762711864406 0.12967213114754098
21 0.6031779661016949 0.7259953161592506 0.1957627118644068 0.12770491803278688
22 0.853135593220339 0.7310538641686183 0.2817796610169492 0.13533957845433256
23 0.2635593220338983 0.8750117096018736 0.24449152542372882 0.14224824355971896
24 0.5063983050847458 0.8788290398126464 0.19046610169491526 0.13262295081967213
25 0.7419067796610169 0.8741451990632318 0.23059322033898305 0.138056206088993