0 0.1740677966101695 0.3354519774011299 0.14173728813559322 0.1106497175141243
5 0.1528813559322034 0.4449152542372881 0.14877118644067797 0.10358757062146894
10 0.16347457627118644 0.5602542372881356 0.14173728813559322 0.11299435028248588
15 0.15461864406779663 0.6791525423728814 0.15936440677966102 0.10121468926553671
20 0.15639830508474575 0.7933050847457627 0.13466101694915256 0.1271186440677966
1 0.32055084745762713 0.3354519774011299 0.13826271186440678 0.1106497175141243
2 0.500593220338983 0.33073446327683614 0.15245762711864405 0.1294632768361582
3 0.6630084745762712 0.33073446327683614 0.14542372881355933 0.10121468926553671
4 0.8271610169491526 0.3283898305084746 0.15610169491525425 0.11533898305084746
6 0.3399576271186441 0.4425706214689265 0.14177966101694917 0.11299435028248588
7 0.5164830508474576 0.4390395480225988 0.1842372881355932 0.10121468926553671
8 0.6859745762711864 0.4484463276836158 0.12779661016949154 0.1059322033898305
9 0.8501271186440678 0.4437288135593221 0.17377118644067796 0.1106497175141243
14 0.8430508474576272 0.5555649717514124 0.13139830508474576 0.1271186440677966
13 0.6912711864406779 0.5637853107344634 0.18076271186440676 0.12477401129943504
12 0.5182627118644068 0.5555649717514124 0.15245762711864405 0.09887005649717515
11 0.3311440677966102 0.5649717514124294 0.14529661016949152 0.09887005649717515
16 0.34173728813559323 0.6697175141242938 0.15944915254237288 0.12005649717514125
17 0.5182627118644068 0.6779661016949152 0.15245762711864405 0.10358757062146894
18 0.6841949152542373 0.6709039548022598 0.1525 0.10827683615819209
19 0.8483474576271187 0.6709039548022598 0.1631779661016949 0.10827683615819209
21 0.34351694915254233 0.7886158192090396 0.1559322033898305 0.09887005649717515
22 0.49885593220338986 0.7850847457627119 0.17716101694915254 0.09180790960451977
23 0.6877118644067797 0.7980225988700564 0.15957627118644066 0.11299435028248588
24 0.8466101694915255 0.789774011299435 0.13139830508474576 0.1106497175141243
25 0.5164830508474576 0.9016101694915255 0.1630508474576271 0.11771186440677966