20 0.49127659574468086 0.4505531914893617 0.00042553191489361707 0.005021276595744681
15 0.1396595744680851 0.15017021276595743 0.17736170212765956 0.20527659574468085
15 0.1296595744680851 0.8711063829787234 0.12234042553191489 0.15519148936170213
0 0.28604255319148936 0.15519148936170213 0.16982978723404255 0.21025531914893617
0 0.5651063829787234 0.15770212765957448 0.14217021276595743 0.2302978723404255
0 0.2873191489361702 0.34417021276595744 0.14727659574468085 0.19774468085106384
0 0.5713617021276596 0.5394042553191489 0.15468085106382978 0.19272340425531914
0 0.5938723404255319 0.7058723404255319 0.15970212765957448 0.1802127659574468
14 0.3173617021276596 0.5394042553191489 0.15727659574468086 0.2127659574468085
14 0.8379148936170213 0.33791489361702126 0.16208510638297874 0.20527659574468085
14 0.8528936170212766 0.7071489361702128 0.15710638297872342 0.19272340425531914
17 0.15340425531914892 0.5319148936170213 0.18987234042553192 0.19272340425531914
17 0.3836595744680851 0.8598297872340426 0.12974468085106383 0.17770212765957447
4 0.8566808510638297 0.1602127659574468 0.19463829787234044 0.21025531914893617
4 0.8704255319148937 0.8660851063829788 0.13204255319148936 0.1952340425531915
14 0.3148510638297872 0.6996170212765958 0.18229787234042555 0.18774468085106383
14 0.2722978723404255 0.8623404255319149 0.1422978723404255 0.19774468085106384
12 0.1734468085106383 0.713404255319149 0.2148936170212766 0.1752340425531915
2 0.7127659574468085 0.7096170212765958 0.15714893617021278 0.18774468085106383
2 0.7102553191489361 0.14391489361702128 0.18719148936170213 0.22276595744680852