0 0.175 0.3072033898305085 0.09338983050847458 0.06596045197740114
1 0.335635593220339 0.30395480225988697 0.09525423728813559 0.07248587570621469
2 0.5067372881355933 0.30612994350282485 0.09194915254237288 0.06813559322033899
3 0.6560169491525424 0.30395480225988697 0.09059322033898305 0.07248587570621469
4 0.8228813559322034 0.30700564971751415 0.08533898305084746 0.0698870056497175
5 0.190635593220339 0.41132768361581923 0.0985593220338983 0.06994350282485876
6 0.3386016949152542 0.41240112994350286 0.0946186440677966 0.0677683615819209
7 0.5034745762711864 0.41002824858757064 0.09847457627118643 0.07601694915254237
8 0.6635169491525423 0.41240112994350286 0.059957627118644066 0.0677683615819209
9 0.8152118644067796 0.4155649717514125 0.08415254237288135 0.06644067796610169
10 0.18283898305084745 0.5204519774011299 0.08309322033898305 0.06683615819209039
11 0.3415677966101695 0.5236158192090395 0.08656779661016949 0.0631638418079096
12 0.5043220338983051 0.5251129943502825 0.09796610169491526 0.06285310734463277
13 0.6643220338983051 0.5222881355932203 0.09889830508474576 0.06717514124293786
14 0.8226694915254238 0.5201129943502825 0.09911016949152543 0.07282485875706216
15 0.16923728813559322 0.6216949152542374 0.0983050847457627 0.07985875706214689
16 0.3475423728813559 0.6283333333333333 0.1184322033898305 0.06655367231638418
17 0.4990677966101695 0.6327401129943503 0.08249999999999999 0.06706214689265537
18 0.6598305084745762 0.6288418079096045 0.07995762711864407 0.06423728813559322
19 0.8238135593220338 0.626864406779661 0.08889830508474576 0.06858757062146893
20 0.18233050847457627 0.7363841807909605 0.1219915254237288 0.07166666666666667
21 0.34271186440677964 0.7380508474576271 0.11622881355932203 0.06833333333333334
22 0.5030508474576271 0.7394632768361581 0.1203813559322034 0.06285310734463277
23 0.656228813559322 0.7398022598870057 0.10512711864406779 0.07016949152542373
24 0.8230508474576271 0.7361016949152542 0.0923728813559322 0.07110169491525424
25 0.4941101694915254 0.8479661016949153 0.0925 0.0655084745762712