0 0.2129237288135593 0.10144067796610169 0.16885593220338985 0.13096045197740114
1 0.41127118644067795 0.09245762711864405 0.18033898305084747 0.11813559322033898
2 0.5942372881355933 0.0962994350282486 0.13021186440677968 0.09502824858757063
4 0.19177966101694915 0.22725988700564972 0.17271186440677966 0.12584745762711863
4 0.4055084745762712 0.22471751412429378 0.13029661016949154 0.09502824858757063
4 0.6057627118644068 0.22084745762711866 0.1225 0.10785310734463277
7 0.8060593220338983 0.22214689265536725 0.17635593220338983 0.13610169491525423
10 0.598093220338983 0.36338983050847457 0.1533050847457627 0.11556497175141242
9 0.3997457627118644 0.3672316384180791 0.14953389830508473 0.12838983050847458
11 0.8022033898305084 0.3672316384180791 0.1532627118644068 0.12327683615819209
16 0.19754237288135593 0.6445762711864407 0.20741525423728815 0.14381355932203388
17 0.41127118644067795 0.6394350282485876 0.16495762711864406 0.11299435028248588
23 0.19368644067796612 0.9077966101694915 0.1765677966101695 0.12584745762711863
14 0.6 0.5007627118644068 0.1802966101694915 0.12327683615819209
18 0.6038559322033898 0.6407344632768361 0.11097457627118644 0.09502824858757063
13 0.3939406779661017 0.5084745762711864 0.1533898305084746 0.09245762711864405
4 0.6 0.7716949152542373 0.1648728813559322 0.14124293785310735
22 0.8022033898305084 0.7678531073446327 0.17635593220338983 0.11813559322033898