6 0.29296610169491527 0.8016208791208792 0.037033898305084745 0.03296703296703297
14 0.32745762711864407 0.8043681318681319 0.027161016949152544 0.030604395604395606
19 0.3594067796610169 0.8025824175824176 0.030508474576271188 0.031016483516483513
7 0.3922457627118644 0.8043681318681319 0.03080508474576271 0.030604395604395606
8 0.421864406779661 0.8047527472527473 0.019915254237288137 0.0314010989010989
2 0.4465677966101695 0.8025824175824176 0.028093220338983052 0.031016483516483513
0 0.48771186440677966 0.8051373626373626 0.03055084745762712 0.024340659340659338
11 0.5166101694915254 0.8020054945054945 0.03025423728813559 0.025906593406593407
15 0.5515677966101694 0.8018956043956044 0.029957627118644067 0.027664835164835165
1 0.6499152542372881 0.8046428571428571 0.033008474576271186 0.03315934065934066
4 0.6783474576271187 0.8037637362637362 0.024533898305084748 0.02552197802197802