1 0.3573728813559322 0.13464673913043476 0.1803813559322034 0.1358695652173913
22 0.21487288135593222 0.8226358695652174 0.24203389830508473 0.1383423913043478
23 0.6385169491525423 0.8201630434782609 0.1648728813559322 0.1333967391304348
11 0.17250000000000001 0.41255434782608696 0.1727542372881356 0.1333967391304348
6 0.316906779661017 0.2705163043478261 0.16885593220338985 0.1457608695652174
12 0.3573728813559322 0.41008152173913043 0.2111864406779661 0.1333967391304348
13 0.5749576271186441 0.4076086956521739 0.18415254237288137 0.1383423913043478
20 0.5460593220338983 0.6818206521739131 0.21110169491525424 0.16304347826086957
19 0.3419491525423729 0.6793478260869565 0.16495762711864406 0.1383423913043478
18 0.16864406779661015 0.6855163043478261 0.188135593220339 0.14081521739130434
12 0.7829237288135593 0.40391304347826085 0.2456779661016949 0.1358695652173913
0 0.17635593220338983 0.1333967391304348 0.1804237288135593 0.1235054347826087
3 0.6770338983050848 0.1333967391304348 0.15716101694915255 0.1333967391304348
22 0.44978813559322034 0.823858695652174 0.21114406779661016 0.13092391304347825
17 0.8079661016949152 0.5471739130434783 0.2033050847457627 0.1457608695652174
14 0.33042372881355936 0.5459510869565217 0.16499999999999998 0.1235054347826087
10 0.813771186440678 0.2705163043478261 0.1609322033898305 0.14081521739130434
13 0.16673728813559321 0.5484239130434783 0.16889830508474576 0.1333967391304348
24 0.815677966101695 0.8189130434782609 0.17250000000000001 0.1457608695652174
15 0.4710169491525424 0.5484239130434783 0.18555084745762712 0.1383423913043478