1 0.3567372881355932 0.09897260273972604 0.11190677966101695 0.08664383561643836
3 0.6233898305084746 0.09860730593607306 0.13508474576271187 0.08342465753424658
4 0.753813559322034 0.0984931506849315 0.14228813559322034 0.08563926940639269
5 0.13504237288135593 0.17506849315068496 0.16847457627118642 0.0845433789954338
6 0.25919491525423727 0.1780821917808219 0.14211864406779662 0.08440639269406393
8 0.5142796610169492 0.17815068493150685 0.12661016949152543 0.07835616438356165
9 0.6323305084745763 0.17691780821917807 0.13559322033898305 0.08084474885844749
10 0.8183898305084745 0.18276255707762556 0.2158898305084746 0.08885844748858449
11 0.18084745762711865 0.2552054794520548 0.1226271186440678 0.08440639269406393
12 0.31940677966101694 0.2578082191780822 0.15449152542372882 0.0821917808219178
13 0.44652542372881354 0.2534931506849315 0.11559322033898306 0.08589041095890411
14 0.5674152542372881 0.2570091324200913 0.13029661016949154 0.0867579908675799
15 0.6991949152542373 0.2576255707762557 0.09889830508474576 0.09045662100456621
16 0.8186440677966101 0.2553424657534247 0.15466101694915255 0.08712328767123287
17 0.20245762711864407 0.3434474885844749 0.16364406779661017 0.09675799086757991
18 0.3284745762711864 0.33999999999999997 0.14326271186440678 0.09477168949771689
19 0.4429661016949153 0.3375799086757991 0.16165254237288135 0.08378995433789956
20 0.5485169491525423 0.3375799086757991 0.12915254237288135 0.08378995433789956
21 0.6675 0.337648401826484 0.1271186440677966 0.1073744292237443
22 0.804322033898305 0.3386986301369863 0.16266949152542373 0.10328767123287672
23 0.3610593220338983 0.42132420091324196 0.13953389830508475 0.0932876712328767
24 0.4760593220338983 0.42335616438356166 0.11605932203389831 0.09614155251141553
25 0.5815254237288136 0.4245890410958904 0.15483050847457627 0.093675799086758
0 0.18610169491525425 0.5973059360730594 0.17440677966101695 0.08367579908675798
1 0.3603813559322034 0.5976712328767123 0.12292372881355933 0.0819406392694064
2 0.4822457627118644 0.600890410958904 0.14491525423728815 0.08342465753424658
3 0.6247881355932203 0.5994063926940639 0.12779661016949154 0.08541095890410959
4 0.7541949152542373 0.59824200913242 0.14847457627118643 0.08182648401826485
6 0.2618220338983051 0.6779680365296803 0.1528813559322034 0.08331050228310503
7 0.38614406779661015 0.6751141552511415 0.14694915254237287 0.08502283105022831
8 0.5124576271186441 0.6748173515981735 0.13029661016949154 0.08070776255707762
9 0.6345338983050848 0.6769634703196347 0.13809322033898305 0.08132420091324201
10 0.8204661016949152 0.679634703196347 0.21542372881355934 0.09280821917808219
11 0.18220338983050846 0.7574429223744292 0.1253813559322034 0.09662100456621005
12 0.3173305084745763 0.7568721461187214 0.15402542372881356 0.08687214611872146
13 0.44728813559322034 0.754406392694064 0.11169491525423729 0.08687214611872146
14 0.5711016949152542 0.7545890410958904 0.1321186440677966 0.09342465753424659
15 0.6980508474576271 0.7569406392694065 0.10949152542372881 0.09070776255707762
16 0.8211440677966101 0.7549086757990867 0.15419491525423729 0.08787671232876713
19 0.4398305084745763 0.8346803652968036 0.14135593220338982 0.08824200913242009
21 0.6722033898305084 0.8361643835616439 0.12004237288135593 0.1010730593607306
22 0.8054661016949153 0.8393150684931507 0.16495762711864406 0.09872146118721462
23 0.3583050847457627 0.9208904109589041 0.13402542372881354 0.09404109589041096
24 0.47444915254237285 0.9215068493150685 0.11470338983050847 0.09773972602739726
25 0.5835593220338983 0.9171232876712329 0.1552542372881356 0.09762557077625571
2 0.4770762711864407 0.09678082191780822 0.14266949152542374 0.08397260273972602