0 0.2766949152542373 0.2457627118644068 0.13834745762711864 0.09180790960451977
1 0.4477542372881356 0.2662429378531073 0.10970338983050848 0.10451977401129943
2 0.5859745762711864 0.2740112994350282 0.10012711864406779 0.09180790960451977
4 0.8632203389830508 0.303135593220339 0.08783898305084746 0.10418079096045199
5 0.2639830508474576 0.3531073446327684 0.09173728813559322 0.08050847457627118
6 0.4241949152542373 0.373954802259887 0.11021186440677967 0.08686440677966102
7 0.5745762711864406 0.3862994350282486 0.11440677966101695 0.0903954802259887
8 0.6987711864406779 0.39440677966101695 0.060889830508474574 0.08545197740112995
9 0.8393644067796611 0.4076553672316384 0.11432203389830509 0.08720338983050847
10 0.22135593220338984 0.4820056497175141 0.11771186440677966 0.09110169491525423
11 0.37889830508474576 0.498954802259887 0.09911016949152543 0.0826271186440678
12 0.5520762711864406 0.5086440677966102 0.11707627118644068 0.09146892655367232
13 0.6919067796610169 0.5210169491525424 0.10008474576271187 0.08087570621468926
14 0.8327542372881356 0.536723163841808 0.10639830508474576 0.09463276836158192
15 0.20334745762711864 0.6080508474576272 0.12406779661016949 0.096045197740113
16 0.37360169491525425 0.6320621468926554 0.13088983050847458 0.1016949152542373
17 0.548093220338983 0.6401977401129944 0.125 0.09675141242937853
19 0.8229661016949152 0.657316384180791 0.09207627118644068 0.08511299435028248
20 0.15860169491525425 0.7376553672316384 0.12461864406779662 0.09392655367231638
21 0.35029661016949154 0.7498305084745762 0.12665254237288137 0.08652542372881356
22 0.5420338983050847 0.7688983050847458 0.17110169491525426 0.09641242937853108
23 0.7326694915254237 0.7860169491525424 0.1075 0.0847457627118644
24 0.16338983050847458 0.8575141242937853 0.1235593220338983 0.11124293785310735
25 0.33864406779661016 0.8725423728813559 0.12453389830508475 0.1094632768361582