14 0.2738983050847458 0.1472611464968153 0.09906779661016948 0.1915923566878981
14 0.4225 0.14471337579617832 0.0946186440677966 0.18853503184713377
14 0.5660169491525424 0.1429299363057325 0.10033898305084746 0.18802547770700637
14 0.726864406779661 0.15210191082802546 0.10673728813559323 0.20636942675159234
14 0.271864406779661 0.3778343949044586 0.12211864406779661 0.19923566878980892
14 0.5704237288135593 0.3867515923566879 0.1023728813559322 0.18140127388535032
14 0.7216101694915255 0.3857324840764331 0.13622881355932204 0.1997452229299363
14 0.7221186440677966 0.6211464968152866 0.12436440677966103 0.20178343949044586
14 0.5690677966101695 0.6188535031847133 0.11322033898305084 0.20229299363057326
14 0.4208050847457627 0.6198726114649681 0.1251271186440678 0.18394904458598726
14 0.27322033898305087 0.619108280254777 0.11127118644067797 0.17732484076433122
14 0.27661016949152545 0.8537579617834394 0.10449152542372882 0.21350318471337582
14 0.42063559322033894 0.8563057324840764 0.12275423728813559 0.2084076433121019
14 0.7217796610169491 0.8565605095541401 0.11690677966101695 0.1834394904458599