0 0.10283898305084746 0.26291784702549575 0.12627118644067797 0.13314447592067988
1 0.22216101694915255 0.26379603399433427 0.11754237288135592 0.1261756373937677
2 0.3436864406779661 0.264985835694051 0.11559322033898306 0.12203966005665721
3 0.4626694915254237 0.26682719546742206 0.11889830508474576 0.13226628895184137
4 0.5726271186440678 0.26322946175637396 0.09122881355932204 0.12725212464589236
5 0.6739830508474577 0.2672804532577904 0.09186440677966101 0.12441926345609065
6 0.7735593220338983 0.26575070821529745 0.12292372881355933 0.12572237960339944
7 0.8994915254237288 0.2636827195467422 0.1219915254237288 0.12813031161473087
8 0.06440677966101695 0.4312464589235127 0.06241525423728814 0.12770538243626062
9 0.14669491525423728 0.4307082152974504 0.11521186440677966 0.12878186968838526
10 0.27152542372881355 0.43495750708215297 0.11983050847457627 0.13073654390934844
11 0.3870338983050848 0.4326628895184136 0.08758474576271187 0.12835694050991503
12 0.5122033898305085 0.4318980169971672 0.15021186440677967 0.12464589235127478
13 0.6511864406779662 0.4322379603399434 0.12322033898305083 0.11875354107648725
14 0.7768220338983052 0.42810198300283286 0.11639830508474576 0.12356940509915014
15 0.8972457627118644 0.43135977337110487 0.12004237288135593 0.12572237960339944
16 0.10072033898305084 0.5955524079320113 0.13834745762711864 0.12073654390934843
17 0.23682203389830508 0.5953257790368273 0.12080508474576272 0.12464589235127478
18 0.36 0.5952407932011332 0.12211864406779661 0.12660056657223795
19 0.47830508474576267 0.5963172804532578 0.1136864406779661 0.13314447592067988
20 0.6018220338983051 0.5957790368271955 0.12088983050847459 0.1255240793201133
21 0.7275847457627119 0.5952407932011332 0.13008474576271187 0.11790368271954674
22 0.8757203389830508 0.5978470254957506 0.1630508474576271 0.14056657223796032
23 0.09504237288135593 0.7569121813031161 0.13669491525423727 0.1274787535410765
24 0.21661016949152542 0.7611614730878187 0.12207627118644067 0.12943342776203964
25 0.31911016949152543 0.7593201133144476 0.10288135593220339 0.12790368271954675