13 0.18614406779661016 0.1431360946745562 0.2855932203389831 0.20784023668639054
15 0.8277118644067797 0.14627218934911243 0.19694915254237286 0.2104437869822485
16 0.20572033898305084 0.3890532544378698 0.2294491525423729 0.21893491124260356
17 0.5049576271186441 0.3868343195266272 0.2028813559322034 0.1997041420118343
18 0.8385593220338984 0.3879585798816568 0.19216101694915255 0.20931952662721892
19 0.16999999999999998 0.6285207100591715 0.23741525423728815 0.21337278106508878
20 0.4895762711864407 0.6316568047337278 0.22512711864406781 0.20118343195266272
21 0.8316949152542373 0.6312721893491124 0.23135593220338985 0.20784023668639054
23 0.17686440677966103 0.8609467455621301 0.21940677966101696 0.21597633136094674
24 0.4959322033898305 0.8714792899408285 0.21665254237288137 0.2037869822485207
24 0.8184322033898306 0.8648224852071006 0.23665254237288136 0.19047337278106508