0 0.1292372881355932 0.09015873015873016 0.18233050847457627 0.16273015873015872
1 0.3050847457627119 0.08244444444444445 0.15894067796610167 0.1644126984126984
2 0.48245762711864404 0.08853968253968254 0.17576271186440676 0.16714285714285715
3 0.6667372881355932 0.08466666666666667 0.17402542372881355 0.1593968253968254
4 0.8509745762711864 0.08453968253968254 0.16661016949152543 0.15634920634920635
5 0.1288135593220339 0.27473015873015877 0.20533898305084747 0.19584126984126984
6 0.32360169491525426 0.27174603174603174 0.1619915254237288 0.19403174603174603
7 0.5021610169491526 0.2830793650793651 0.18199152542372882 0.19460317460317458
8 0.6653813559322034 0.27701587301587305 0.11783898305084745 0.17692063492063492
9 0.8330932203389831 0.27285714285714285 0.18614406779661016 0.19073015873015872
10 0.12169491525423728 0.48914285714285716 0.1782627118644068 0.18847619047619046
11 0.31364406779661014 0.4907936507936508 0.1715677966101695 0.18076190476190476
12 0.5232627118644068 0.4863174603174603 0.20025423728813557 0.1841904761904762
13 0.7150000000000001 0.4887301587301587 0.17474576271186443 0.17384126984126982
14 0.8838559322033899 0.47774603174603175 0.14211864406779662 0.1726031746031746
15 0.13203389830508475 0.6967936507936509 0.19152542372881357 0.19244444444444445
16 0.3488135593220339 0.7062222222222222 0.20139830508474577 0.1879047619047619
17 0.5441525423728814 0.6947619047619047 0.17021186440677966 0.18431746031746032
18 0.722457627118644 0.6984444444444444 0.16572033898305086 0.19025396825396826
19 0.8939830508474575 0.7006349206349206 0.1586864406779661 0.18914285714285714
20 0.12427966101694915 0.8915238095238095 0.18343220338983052 0.16790476190476192
21 0.3320762711864407 0.8902857142857142 0.1863135593220339 0.15711111111111112
22 0.5255084745762711 0.8903492063492063 0.20059322033898305 0.15368253968253967
23 0.7197457627118644 0.8870476190476191 0.17504237288135593 0.16028571428571428