0 0.14402542372881358 0.0813109756097561 0.1301271186440678 0.10161585365853658
1 0.37703389830508477 0.08637195121951219 0.14415254237288136 0.10161585365853658
2 0.6135593220338984 0.08384146341463415 0.1511440677966102 0.10670731707317073
3 0.8553813559322034 0.08003048780487805 0.11927966101694915 0.09908536585365854
4 0.14754237288135594 0.2185060975609756 0.13720338983050848 0.09655487804878049
5 0.38055084745762713 0.2185060975609756 0.12296610169491526 0.11685975609756097
6 0.6294491525423729 0.21722560975609756 0.18288135593220337 0.10417682926829269
7 0.8500847457627119 0.2197560975609756 0.13690677966101697 0.10417682926829269
8 0.15461864406779663 0.351890243902439 0.09483050847457626 0.09399390243902439
9 0.389364406779661 0.35570121951219513 0.09826271186440678 0.11179878048780488
10 0.6188559322033899 0.35570121951219513 0.1052542372881356 0.10670731707317073
11 0.8483474576271187 0.35570121951219513 0.14046610169491525 0.10670731707317073
15 0.8483474576271187 0.4852743902439024 0.1263135593220339 0.10670731707317073
14 0.6294491525423729 0.4852743902439024 0.17584745762711865 0.09655487804878049
13 0.38584745762711864 0.4852743902439024 0.1335593220338983 0.08637195121951219
12 0.14754237288135594 0.4928963414634146 0.17250000000000001 0.09146341463414634
16 0.14576271186440679 0.6288109756097561 0.13364406779661017 0.09908536585365854
17 0.378771186440678 0.625 0.10533898305084745 0.10670731707317073
18 0.6117796610169491 0.6313414634146342 0.12639830508474575 0.10923780487804878
19 0.8553813559322034 0.626280487804878 0.15457627118644066 0.10923780487804878
23 0.8606779661016949 0.7596646341463414 0.1298728813559322 0.09655487804878049
22 0.6170762711864407 0.7583841463414634 0.19347457627118642 0.09399390243902439
21 0.37703389830508477 0.7520426829268292 0.13004237288135595 0.0813109756097561
20 0.1493220338983051 0.7532926829268293 0.14775423728813558 0.0889329268292683
24 0.15461864406779663 0.8866768292682926 0.1089406779661017 0.09655487804878049
25 0.38055084745762713 0.8942987804878049 0.12296610169491526 0.10161585365853658