0 0.11212765957446809 0.11816593886462881 0.15234042553191487 0.18493449781659388
1 0.27480851063829786 0.1258515283842795 0.13225531914893615 0.18493449781659388
2 0.44246808510638297 0.12331877729257641 0.1422127659574468 0.21065502183406115
17 0.13340425531914893 0.6781222707423581 0.1848936170212766 0.21065502183406115
12 0.15217021276595744 0.5034497816593887 0.17736170212765956 0.17982532751091704
13 0.41493617021276596 0.5073362445414847 0.17225531914893616 0.14641921397379914
23 0.4412340425531915 0.8939301310043668 0.1997872340425532 0.19524017467248908
21 0.8303829787234042 0.7051091703056769 0.16208510638297874 0.22860262008733626
20 0.6426808510638298 0.702532751091703 0.2072340425531915 0.19777292576419214
20 0.45999999999999996 0.6974235807860263 0.12719148936170213 0.17209606986899562
4 0.7553191489361702 0.11943231441048036 0.16714893617021276 0.22860262008733626