0 0.1585531914893617 0.16360544217687076 0.18982978723404256 0.19112244897959182
2 0.49863829787234043 0.13717687074829932 0.2065531914893617 0.21540816326530612
1 0.3199148936170213 0.13833333333333334 0.19527659574468084 0.20860544217687074
4 0.8347659574468085 0.1292517006802721 0.17646808510638298 0.16326530612244897
5 0.15263829787234043 0.33445578231292517 0.17340425531914894 0.17006802721088435
8 0.6971914893617022 0.3174489795918367 0.07714893617021276 0.195
14 0.8617021276595744 0.5 0.16799999999999998 0.16554421768707483
9 0.8574468085106383 0.3072448979591837 0.2105531914893617 0.22448979591836735
25 0.8716170212765958 0.858265306122449 0.14246808510638295 0.20636054421768707
24 0.6971914893617022 0.8639455782312925 0.16225531914893618 0.18139455782312924
23 0.5525531914893617 0.8900340136054422 0.17923404255319147 0.19275510204081633
22 0.3667659574468085 0.8752721088435373 0.22736170212765958 0.20860544217687074
20 0.14974468085106382 0.8616666666666667 0.1896595744680851 0.18139455782312924
19 0.8546382978723405 0.6609863945578232 0.193531914893617 0.17914965986394557
18 0.6872765957446808 0.6870748299319728 0.1877872340425532 0.195
17 0.5128510638297872 0.6904761904761905 0.20191489361702128 0.21540816326530612
16 0.3114468085106383 0.6723469387755102 0.1677872340425532 0.19727891156462585
10 0.1398723404255319 0.5102040816326531 0.20459574468085107 0.19047619047619047
11 0.3001276595744681 0.4931972789115646 0.19046808510638297 0.16554421768707483
12 0.4830212765957447 0.5056802721088435 0.22072340425531914 0.15874149659863945
13 0.673063829787234 0.4931972789115646 0.18663829787234043 0.20636054421768707
7 0.5368936170212766 0.3197278911564626 0.18102127659574468 0.19047619047619047