12 0.2293371757925072 0.09967901234567901 0.10146974063400577 0.0831604938271605
12 0.3445821325648415 0.09604938271604938 0.10821325648414985 0.05846913580246914
12 0.24714697406340058 0.20496296296296299 0.08959654178674352 0.08170370370370371
12 0.3386743515850144 0.20861728395061727 0.07602305475504323 0.048296296296296296
12 0.23610951008645534 0.31244444444444447 0.07095100864553315 0.06427160493827161
12 0.3335734870317003 0.32407407407407407 0.08279538904899135 0.05846913580246914
12 0.4276657060518732 0.32190123456790126 0.07429394812680115 0.05409876543209877
12 0.2437463976945245 0.4359012345679012 0.0794236311239193 0.06718518518518518
12 0.32596541786743516 0.4388148148148148 0.07432276657060519 0.07298765432098765
12 0.4106916426512968 0.4402716049382716 0.07769452449567724 0.06718518518518518
12 0.22680115273775217 0.5629876543209876 0.08619596541786743 0.0657283950617284
12 0.40561959654178675 0.5767901234567901 0.08446685878962536 0.06135802469135803
12 0.23357348703170028 0.6719259259259259 0.08282420749279538 0.07733333333333334
12 0.3234005763688761 0.680641975308642 0.07602305475504323 0.048296296296296296
12 0.23103746397694525 0.7990123456790124 0.07095100864553315 0.07298765432098765
12 0.22340057636887606 0.9449876543209877 0.07602305475504323 0.07153086419753087