0 0.12991525423728814 0.06515909090909092 0.25978813559322034 0.13029545454545455
1 0.3963983050847458 0.06577272727272727 0.24940677966101696 0.1315681818181818
2 0.6447033898305085 0.06831818181818182 0.21889830508474575 0.13661363636363635
4 0.11296610169491525 0.20256818181818181 0.20072033898305083 0.14336363636363636
5 0.3801271186440678 0.20747727272727273 0.21237288135593219 0.1410909090909091
6 0.6538559322033899 0.20470454545454544 0.23724576271186443 0.1395909090909091
7 0.8958898305084746 0.20168181818181816 0.20817796610169492 0.1375681818181818
3 0.890042372881356 0.06506818181818182 0.21995762711864406 0.12961363636363638
8 0.12101694915254237 0.34650000000000003 0.13165254237288135 0.13579545454545455
9 0.35165254237288135 0.34868181818181815 0.19779661016949152 0.13877272727272727
10 0.6512711864406779 0.3477954545454546 0.265 0.14459090909090908
11 0.9041525423728813 0.34452272727272726 0.1916949152542373 0.14306818181818182
12 0.1369491525423729 0.49972727272727274 0.2739406779661017 0.14247727272727273
13 0.39427966101694917 0.5016136363636364 0.23012711864406782 0.14625
14 0.6472881355932203 0.4990909090909091 0.2655084745762712 0.14120454545454547
15 0.893771186440678 0.5004772727272727 0.21245762711864408 0.1359090909090909
16 0.14779661016949153 0.6392954545454546 0.27033898305084747 0.13859090909090907
17 0.3956779661016949 0.6454772727272727 0.23669491525423728 0.1388409090909091
18 0.6458898305084746 0.6433409090909091 0.22122881355932203 0.14061363636363636
19 0.8864830508474577 0.6392954545454546 0.22703389830508475 0.13859090909090907
20 0.12283898305084745 0.7814090909090909 0.2456779661016949 0.13718181818181818
21 0.379406779661017 0.7872272727272727 0.2439406779661017 0.14072727272727273
22 0.6390254237288135 0.7879772727272727 0.259364406779661 0.13415909090909092
23 0.8824576271186441 0.7838181818181819 0.23504237288135593 0.13995454545454544
24 0.3085593220338983 0.927590909090909 0.25758474576271184 0.14254545454545453
25 0.6627966101694914 0.9275227272727273 0.2645338983050847 0.14495454545454545