1 0.21766949152542373 0.22639240506329117 0.21135593220338983 0.22395569620253164
11 0.4083050847457627 0.21544303797468353 0.2080084745762712 0.22639240506329117
20 0.5908050847457628 0.2068987341772152 0.18838983050847458 0.2093354430379747
20 0.5305084745762711 0.7436708860759493 0.06783898305084747 0.041392405063291136
4 0.8010169491525423 0.23246835443037972 0.20461864406779662 0.26534810126582276
4 0.3675847457627119 0.690126582278481 0.061398305084745766 0.046265822784810125
0 0.11826271186440677 0.6888924050632911 0.0777542372881356 0.06329113924050633
1 0.17694915254237287 0.6888924050632911 0.07122881355932204 0.05354430379746836
2 0.24538135593220337 0.690126582278481 0.051652542372881353 0.046265822784810125
3 0.29915254237288136 0.6888924050632911 0.0548728813559322 0.058417721518987345
5 0.4294915254237288 0.6876898734177215 0.05483050847457627 0.046265822784810125
14 0.1525 0.7509810126582278 0.0940677966101695 0.051107594936708856
10 0.6950847457627118 0.6828164556962025 0.06453389830508474 0.051107594936708856
7 0.5468220338983051 0.6864556962025316 0.07436440677966102 0.04867088607594937
12 0.8172881355932203 0.685253164556962 0.08076271186440677 0.06572784810126582
13 0.8873728813559322 0.6815822784810126 0.057923728813559325 0.0730379746835443