0 0.07157446808510638 0.14083798882681564 0.1431063829787234 0.09544692737430167
1 0.3165957446808511 0.14198324022346367 0.11404255319148937 0.09776536312849161
2 0.5718723404255318 0.15245810055865922 0.09995744680851062 0.10008379888268155
3 0.8182978723404256 0.14896648044692737 0.11774468085106383 0.088463687150838
4 0.07906382978723403 0.2735195530726257 0.1281276595744681 0.09078212290502793
5 0.32902127659574465 0.28282122905027934 0.10340425531914894 0.0814804469273743
6 0.5630212765957446 0.27701117318435753 0.10348936170212766 0.08379888268156424
7 0.8165106382978723 0.27002793296089384 0.11421276595744681 0.09310055865921787
8 0.07906382978723403 0.40502793296089384 0.07846808510638298 0.09310055865921787
9 0.33076595744680853 0.40734636871508384 0.1282127659574468 0.10706703910614525
10 0.5700851063829787 0.40270949720670385 0.10348936170212766 0.09776536312849161
11 0.8182978723404256 0.40734636871508384 0.1106808510638298 0.088463687150838
12 0.07374468085106382 0.5353910614525139 0.11748936170212766 0.09776536312849161
13 0.3201702127659574 0.531899441340782 0.1282127659574468 0.0814804469273743
14 0.5825106382978723 0.5423743016759777 0.12119148936170213 0.08379888268156424
15 0.8040851063829788 0.5307262569832403 0.13191489361702127 0.11173184357541899
16 0.07374468085106382 0.6552513966480448 0.1316595744680851 0.10474860335195531
17 0.3272340425531915 0.6703910614525139 0.1211063829787234 0.088463687150838
18 0.5789787234042554 0.6622346368715084 0.12119148936170213 0.09078212290502793
19 0.8111914893617022 0.6703910614525139 0.1106808510638298 0.088463687150838
23 0.8111914893617022 0.7925977653631285 0.11774468085106383 0.07681564245810056
22 0.5683404255319149 0.7867877094972068 0.11412765957446809 0.09310055865921787
21 0.32902127659574465 0.7925977653631285 0.08919148936170213 0.07681564245810056
20 0.08791489361702128 0.7925977653631285 0.0891063829787234 0.0814804469273743
24 0.07727659574468085 0.9206145251396648 0.1245531914893617 0.10008379888268155
25 0.3148510638297872 0.9229608938547487 0.13174468085106383 0.09078212290502793