0 0.19978813559322034 0.11244635193133046 0.20347457627118645 0.09978540772532189
1 0.43796610169491523 0.11393419170243205 0.2211864406779661 0.09679542203147352
2 0.6253813559322035 0.1161659513590844 0.216864406779661 0.0982975679542203
3 0.8370762711864407 0.10945636623748213 0.22576271186440677 0.09381974248927039
4 0.20639830508474577 0.2032904148783977 0.2078813559322034 0.08489270386266094
5 0.41809322033898305 0.20626609442060087 0.18152542372881358 0.09084406294706723
6 0.6165677966101695 0.20626609442060087 0.19923728813559324 0.09084406294706723
7 0.8458898305084745 0.21072961373390559 0.23457627118644067 0.09978540772532189
8 0.18216101694915254 0.30454935622317597 0.21228813559322035 0.09679542203147352
9 0.41809322033898305 0.30231759656652357 0.20796610169491525 0.09233190271816882
10 0.6430084745762712 0.300829756795422 0.216864406779661 0.09530758226037196
11 0.8613135593220339 0.300829756795422 0.20372881355932201 0.08340486409155937
12 0.19317796610169494 0.39763948497854074 0.2078813559322034 0.08638054363376252
13 0.4379237288135593 0.39987124463519313 0.19474576271186442 0.08190271816881259
14 0.6386016949152543 0.39912732474964235 0.18161016949152542 0.08638054363376252
15 0.8701271186440678 0.39241773962804005 0.2125423728813559 0.08190271816881259
16 0.22186440677966102 0.5048640915593705 0.24758474576271186 0.10127324749642347
17 0.4247033898305085 0.5003862660944206 0.2035593220338983 0.08041487839771101
18 0.6540254237288136 0.4996423462088698 0.19483050847457625 0.0878683834048641
19 0.8370762711864407 0.4944349070100143 0.14639830508474574 0.08935622317596567
20 0.21521186440677967 0.6098569384835479 0.1902542372881356 0.0759513590844063
21 0.43572033898305085 0.6083690987124464 0.19033898305084745 0.0878683834048641
22 0.627584745762712 0.5986838340486409 0.23889830508474577 0.10127324749642347
23 0.8502966101694914 0.605379113018598 0.22576271186440677 0.09679542203147352
25 0.2130084745762712 0.7111301859799714 0.20347457627118645 0.0878683834048641
24 0.4202966101694915 0.7118741058655222 0.21237288135593219 0.08935622317596567