0 0.27577255871446227 0.24431937172774867 0.09184177997527812 0.22104712041884816
2 0.2874536464771323 0.7766230366492147 0.07948084054388133 0.1919633507853403
2 0.4131025957972806 0.7547905759162303 0.06432632880098887 0.17162303664921466
2 0.5243263288009888 0.7140837696335078 0.07252163164400495 0.18324607329842932
2 0.6225092707045735 0.6879057591623036 0.07935723114956737 0.177434554973822
2 0.7309888751545117 0.6704450261780105 0.06283065512978986 0.1425130890052356
2 0.818875154511743 0.660261780104712 0.07928306551297899 0.15706806282722513
2 0.9040049443757726 0.6355497382198952 0.06825710754017306 0.1657853403141361
4 0.9191100123609394 0.8725916230366492 0.060012360939431394 0.14544502617801047
4 0.8305438813349815 0.8929581151832461 0.06416563658838072 0.1337958115183246
4 0.735105067985167 0.9206020942408377 0.060086526576019775 0.1425130890052356
4 0.631433868974042 0.9406544502617801 0.05875154511742892 0.11866492146596858
0 0.6170210135970334 0.19924083769633508 0.06288009888751545 0.15997382198952878
0 0.7193201483312731 0.1905235602094241 0.0642150803461063 0.15997382198952878
0 0.8168108776266996 0.18471204188481677 0.06417799752781211 0.14835078534031415
0 0.9019530284301607 0.17162303664921466 0.050407911001236094 0.1279842931937173
0 0.3877008652657602 0.21814136125654449 0.054721878862793574 0.15706806282722513
0 0.5016687268232386 0.20214659685863873 0.04918417799752781 0.1425130890052356
0 0.2819653893695921 0.5046596858638743 0.057503090234857855 0.14835078534031415
0 0.4048578491965389 0.48866492146596857 0.0780593325092707 0.17452879581151834
0 0.5174660074165637 0.4712041884816754 0.06428924598269468 0.1512565445026178
0 0.6218170580964153 0.45664921465968583 0.0642521631644005 0.16287958115183246
0 0.7241285537700866 0.42465968586387437 0.07107540173053152 0.16287958115183246
0 0.821619283065513 0.41594240837696334 0.04907292954264524 0.1512565445026178
0 0.9122496909765142 0.40575916230366493 0.05452410383189122 0.15416230366492148