22 0.10268181818181818 0.09838427947598254 0.16963636363636364 0.17572052401746727
22 0.30172727272727273 0.09851528384279476 0.1693181818181818 0.17751091703056768
22 0.5107727272727273 0.09903930131004367 0.1489090909090909 0.13331877729257643
22 0.8911818181818182 0.09890829694323143 0.18781818181818183 0.15615720524017465
22 0.901 0.2901310043668122 0.18027272727272725 0.18672489082969432
22 0.6849545454545455 0.2851091703056769 0.05618181818181818 0.07139737991266376
22 0.2987727272727273 0.28563318777292573 0.1901818181818182 0.16078602620087337
22 0.10059090909090909 0.29807860262008734 0.17681818181818182 0.10506550218340611
22 0.09468181818181817 0.47109170305676856 0.1565 0.11458515283842793
22 0.4963181818181818 0.6890393013100437 0.18422727272727274 0.16004366812227075
22 0.6972727272727273 0.6775109170305678 0.18127272727272728 0.1420524017467249
22 0.902 0.6834061135371179 0.19604545454545455 0.1589956331877729
22 0.3031818181818182 0.6672052401746724 0.068 0.04956331877729257
22 0.30063636363636365 0.8417467248908297 0.1350909090909091 0.11868995633187773
22 0.09654545454545453 0.8677292576419214 0.17950000000000002 0.16541484716157207
22 0.5046363636363637 0.8683406113537118 0.16336363636363635 0.1538864628820961
22 0.7061818181818182 0.8725764192139738 0.1536818181818182 0.17004366812227073
22 0.9041818181818181 0.877467248908297 0.13622727272727272 0.14179039301310042