5 0.4290666666666667 0.5284 0.056355555555555555 0.054311111111111116
0 0.4932444444444445 0.5308444444444445 0.056355555555555555 0.07902222222222223
0 0.5006666666666667 0.46173333333333333 0.04644444444444444 0.07902222222222223
12 0.44880000000000003 0.4580444444444445 0.061288888888888886 0.09631111111111113
17 0.5475555555555556 0.4568 0.04644444444444444 0.08888888888888889
10 0.5944888888888888 0.4580444444444445 0.05137777777777778 0.06666666666666667
2 0.5549777777777778 0.5296444444444445 0.04151111111111111 0.04195555555555555
4 0.6376888888888889 0.4543111111111111 0.04888888888888889 0.08888888888888889
4 0.6820888888888889 0.4568 0.04884444444444445 0.05924444444444445
8 0.7068 0.4568 0.029111111111111112 0.08888888888888889
14 0.6771555555555556 0.5259111111111111 0.05382222222222222 0.044444444444444446
19 0.6117333333333332 0.5247111111111111 0.0316 0.06666666666666667
17 0.7413777777777778 0.5320888888888888 0.04884444444444445 0.056799999999999996
6 0.7993777777777779 0.46173333333333333 0.05622222222222222 0.08395555555555556
24 0.8006222222222221 0.5271555555555556 0.07351111111111111 0.0716
13 0.7413333333333334 0.4543111111111111 0.06364444444444445 0.08888888888888889