2 0.3802333333333333 0.6373809523809524 0.1817 0.4513690476190476
2 0.19903333333333334 0.5766666666666667 0.2137 0.3992857142857143
7 0.1157 0.29267857142857145 0.08043333333333333 0.19839285714285712
20 0.18446666666666667 0.28273809523809523 0.08736666666666668 0.1636904761904762
20 0.3337333333333333 0.28148809523809526 0.08036666666666667 0.17607142857142857
17 0.2629 0.28148809523809526 0.08036666666666667 0.1661904761904762
13 0.4524666666666667 0.11410714285714287 0.09836666666666667 0.15875
0 0.36983333333333335 0.10541666666666667 0.08033333333333334 0.1661904761904762
0 0.3122 0.10047619047619047 0.0623 0.1513095238095238
0 0.24693333333333334 0.11035714285714285 0.08733333333333333 0.17113095238095238
0 0.0706 0.11035714285714285 0.08463333333333334 0.17607142857142857
22 0.16153333333333333 0.10166666666666666 0.09986666666666667 0.17857142857142858