5 0.4999293286219081 0.4008988764044944 0.25342756183745585 0.4698876404494382
2 0.22452296819787987 0.7418539325842697 0.052791519434628974 0.09960674157303372
14 0.27593639575971735 0.7482022471910112 0.043144876325088344 0.09191011235955056
12 0.3265017667844523 0.740561797752809 0.06081272084805654 0.09702247191011236
15 0.38674911660777384 0.7443820224719101 0.046325088339222616 0.08938202247191011
0 0.43169611307420497 0.7443820224719101 0.04628975265017668 0.09449438202247191
13 0.4846996466431095 0.740561797752809 0.04628975265017668 0.10213483146067416
13 0.6139575971731449 0.7418539325842697 0.04787985865724382 0.1251123595505618
0 0.6629328621908128 0.7418539325842697 0.049434628975265016 0.1047191011235955
24 0.5360777385159011 0.7469101123595505 0.052685512367491166 0.09960674157303372
12 0.7199646643109541 0.7443820224719101 0.06706713780918729 0.12
4 0.777773851590106 0.7341573033707866 0.054204946996466434 0.12