2 0.15390625 0.6370558375634517 0.09546875 0.1319796954314721
14 0.230078125 0.649746192893401 0.0837109375 0.10152284263959391
12 0.3081640625 0.6586294416243654 0.075859375 0.12436548223350254
15 0.3745703125 0.6560913705583756 0.052421875 0.12436548223350254
0 0.4194921875 0.6586294416243654 0.0680078125 0.10406091370558376
13 0.4946484375 0.6624365482233503 0.0699609375 0.10152284263959391
24 0.552265625 0.6459390862944162 0.0640625 0.11928934010152284
13 0.6489453125 0.6446700507614214 0.0855078125 0.14720812182741116
0 0.713359375 0.6446700507614214 0.0620703125 0.1116751269035533
12 0.78953125 0.6560913705583756 0.0815625 0.13451776649746192
4 0.8530078125 0.6484771573604061 0.0600390625 0.11421319796954314