6 0.2784888888888889 0.34444444444444444 0.1848 0.2148
0 0.1648888888888889 0.17777777777777778 0.17 0.1975111111111111
1 0.30808888888888886 0.17653333333333332 0.1848 0.1852
2 0.4599111111111111 0.1740888888888889 0.15262222222222224 0.2
3 0.6055555555555555 0.16915555555555556 0.1920888888888889 0.2
4 0.7573777777777778 0.16666666666666666 0.17475555555555555 0.20493333333333333
5 0.14884444444444445 0.35306666666666664 0.1972 0.18764444444444445
7 0.44262222222222225 0.3506222222222222 0.17244444444444443 0.1827111111111111
11 0.13773333333333332 0.5247111111111111 0.1897777777777778 0.19506666666666667
12 0.31053333333333333 0.5320888888888888 0.23413333333333333 0.20493333333333333
13 0.4858222222222222 0.5296444444444445 0.17484444444444447 0.20986666666666667
14 0.6512444444444444 0.5320888888888888 0.15502222222222223 0.19506666666666667
15 0.8018222222222222 0.5209777777777778 0.16977777777777778 0.17284444444444444
20 0.7549333333333333 0.6938222222222222 0.1599111111111111 0.20742222222222223
25 0.8512000000000001 0.8987555555555555 0.16484444444444446 0.2024888888888889
19 0.5932444444444444 0.6975111111111111 0.17724444444444445 0.20493333333333333
18 0.44880000000000003 0.6975111111111111 0.16497777777777778 0.2148
17 0.28586666666666666 0.7074222222222222 0.16995555555555555 0.19506666666666667
21 0.1612 0.9012444444444444 0.1872888888888889 0.19257777777777776
22 0.35377777777777775 0.8975111111111111 0.2267111111111111 0.20493333333333333
23 0.5352 0.9 0.22173333333333334 0.2
24 0.6993777777777779 0.8987555555555555 0.14266666666666666 0.2024888888888889
8 0.5580888888888889 0.3514222222222222 0.08 0.1552
9 0.6619999999999999 0.3507111111111111 0.13013333333333335 0.16235555555555556
10 0.8039111111111111 0.3514222222222222 0.16453333333333334 0.18386666666666665
16 0.14164444444444446 0.7156 0.14746666666666666 0.20395555555555556