2 0.2945333333333333 0.6888888888888889 0.0984 0.08888888888888889
14 0.3722666666666667 0.6925777777777778 0.0712 0.07653333333333333
14 0.47844444444444445 0.7679111111111111 0.04151111111111111 0.04937777777777778
12 0.44880000000000003 0.6901333333333334 0.06622222222222222 0.07653333333333333
15 0.5179555555555556 0.6938222222222222 0.05631111111111111 0.06915555555555555
0 0.5895111111111111 0.6913777777777778 0.05631111111111111 0.08888888888888889
0 0.5870666666666667 0.7679111111111111 0.036533333333333334 0.044444444444444446
13 0.6586666666666666 0.6925777777777778 0.07604444444444444 0.09137777777777777
24 0.7314666666666667 0.6888888888888889 0.07351111111111111 0.08395555555555556
18 0.3920444444444444 0.7617333333333333 0.041555555555555554 0.051866666666666665
11 0.4315555555555555 0.7641777777777777 0.03662222222222222 0.056799999999999996
6 0.534 0.7691555555555556 0.044000000000000004 0.061733333333333335
13 0.6364444444444444 0.7728444444444443 0.0464 0.06417777777777778