2 0.21409893992932863 0.7878089887640449 0.07367491166077739 0.15578651685393258
14 0.2695053003533569 0.7852247191011237 0.0688339222614841 0.12
12 0.33374558303886925 0.7980337078651686 0.09130742049469964 0.08426966292134831
15 0.3931448763250884 0.7941573033707866 0.04954063604240282 0.09702247191011236
0 0.4397173144876325 0.7826966292134832 0.0527208480565371 0.1098314606741573
0 0.6806007067137809 0.7941573033707866 0.04621908127208481 0.11747191011235955
13 0.498339222614841 0.7929213483146067 0.057526501766784456 0.12
13 0.6219787985865725 0.7916292134831461 0.06710247349823321 0.11235955056179775
24 0.5505300353356891 0.7954494382022472 0.04946996466431095 0.1353370786516854
4 0.8010600706713781 0.7980337078651686 0.049363957597173144 0.1251123595505618
4 0.7351943462897527 0.8043820224719102 0.06226148409893993 0.13792134831460676