5 0.5047703180212014 0.487752808988764 0.0671731448763251 0.183876404494382
2 0.23095406360424028 0.7060674157303372 0.06886925795053003 0.1353370786516854
14 0.28636042402826856 0.7073595505617978 0.06081272084805654 0.12258426966292135
12 0.35141342756183747 0.7214044943820225 0.05597173144876325 0.1148876404494382
12 0.7175265017667845 0.7175842696629213 0.06547703180212014 0.09702247191011236
15 0.4060070671378092 0.7201123595505619 0.039893992932862186 0.10213483146067416
0 0.44374558303886924 0.7098876404494382 0.04148409893992933 0.11235955056179775
0 0.6637455830388693 0.715 0.04141342756183746 0.10724719101123595
13 0.498339222614841 0.7201123595505619 0.051095406360424034 0.12258426966292135
24 0.5425088339222615 0.7060674157303372 0.05590106007067138 0.12
13 0.6131448763250884 0.7073595505617978 0.055865724381625445 0.09702247191011236
4 0.7697173144876326 0.7137640449438202 0.041378091872791525 0.1098314606741573