14 0.212119140625 0.18115234375 0.192978515625 0.2490234375
14 0.36861328125 0.2197265625 0.143447265625 0.16015625
14 0.642958984375 0.18896484375 0.170869140625 0.2451171875
14 0.794091796875 0.227783203125 0.1665234375 0.15185546875
14 0.22115234375 0.481201171875 0.186630859375 0.25830078125
14 0.393759765625 0.524169921875 0.166396484375 0.18798828125
14 0.647109375 0.483642578125 0.182099609375 0.27294921875
14 0.802138671875 0.5322265625 0.135771484375 0.16015625
14 0.658828125 0.808349609375 0.178193359375 0.24853515625
14 0.8219140625 0.827392578125 0.14017578125 0.17919921875
14 0.3710546875 0.848388671875 0.1678515625 0.17236328125
14 0.2108984375 0.802978515625 0.23447265625 0.26708984375