9 0.42401098901098905 0.48 0.08857142857142858 0.26202898550724635
15 0.5152747252747253 0.4955797101449275 0.08516483516483517 0.2263768115942029
4 0.6 0.4972463768115942 0.07288461538461538 0.19630434782608697
17 0.6749175824175824 0.507536231884058 0.06843406593406594 0.1667391304347826
24 0.8267307692307693 0.5034057971014493 0.07406593406593406 0.19739130434782606
9 0.21228021978021977 0.5770289855072464 0.09626373626373626 0.45615942028985507
15 0.30675824175824173 0.5689130434782609 0.09098901098901098 0.44557971014492753
7 0.4980769230769231 0.683768115942029 0.06552197802197803 0.14007246376811594
14 0.5655769230769231 0.6731159420289855 0.050494505494505494 0.1077536231884058
12 0.6419505494505494 0.6818115942028986 0.06167582417582417 0.1528985507246377
18 0.7768681318681318 0.6750724637681159 0.05043956043956044 0.16181159420289853