9 0.18716723549488057 0.5 0.3733788395904437 1
12 0.49259385665529015 0.36360465116279067 0.12576791808873722 0.2432558139534884
0 0.6010238907849829 0.36872093023255814 0.09320819112627986 0.2222674418604651
11 0.6948464163822525 0.37116279069767444 0.07607508532423207 0.21377906976744188
3 0.7822866894197953 0.36540697674418604 0.09037542662116041 0.22895348837209303
4 0.8690443686006826 0.3606976744186046 0.07699658703071673 0.20616279069767443
13 0.9583617747440274 0.37098837209302327 0.08327645051194539 0.19988372093023257
2 0.4919453924914675 0.6237209302325581 0.11658703071672354 0.23133720930232557
13 0.6893515358361775 0.6369186046511628 0.10180887372013651 0.24436046511627907
19 0.7826621160409556 0.6380232558139535 0.08696245733788396 0.2063372093023256
17 0.9583617747440274 0.6369186046511628 0.08327645051194539 0.22645348837209303