9 0.3231182795698925 0.4583977900552486 0.19788530465949822 0.41204419889502764
11 0.6852329749103943 0.44845303867403313 0.15935483870967743 0.36116022099447515
3 0.5114695340501791 0.44226519337016573 0.1903942652329749 0.36646408839779004
4 0.25082437275985664 0.6941988950276243 0.03899641577060932 0.07370165745856354
23 0.28795698924731183 0.6932596685082874 0.03774193548387097 0.0718232044198895
15 0.32053763440860217 0.6957458563535912 0.03211469534050179 0.07441988950276243
17 0.35333333333333333 0.6979558011049724 0.03057347670250896 0.0718232044198895
18 0.4124014336917563 0.6958563535911603 0.03419354838709677 0.07232044198895028
8 0.47706093189964155 0.6893922651933702 0.02318996415770609 0.08524861878453038
13 0.5078136200716846 0.6952486187845304 0.035842293906810034 0.07348066298342541
3 0.54584229390681 0.6965745856353591 0.03752688172043011 0.06900552486187846
14 0.5830465949820788 0.6949171270718232 0.04240143369175627 0.07044198895027624
0 0.7367741935483871 0.7004419889502762 0.039283154121863804 0.08011049723756906