11 0.503265306122449 0.4625242718446602 0.10355102040816327 0.20480582524271843
15 0.33069387755102037 0.7270873786407767 0.027714285714285716 0.060825242718446595
7 0.3667755102040816 0.731504854368932 0.031551020408163266 0.043980582524271845
14 0.4000816326530612 0.7312135922330096 0.03510204081632653 0.04932038834951456
19 0.4334693877551021 0.7285436893203884 0.029959183673469388 0.05786407766990291
14 0.46485714285714286 0.7324271844660194 0.02877551020408163 0.04378640776699029
6 0.5005306122448979 0.7312135922330096 0.030816326530612243 0.05728155339805826
17 0.5344081632653062 0.7343203883495146 0.028 0.05747572815533981
0 0.5672244897959183 0.7313106796116505 0.0323265306122449 0.047572815533980586
15 0.6017959183673469 0.7308252427184466 0.03481632653061224 0.056456310679611654
7 0.6352653061224489 0.7348058252427184 0.031183673469387753 0.056456310679611654
24 0.6658367346938775 0.7333980582524272 0.02836734693877551 0.04975728155339806