11 0.4795617529880478 0.396318407960199 0.3793227091633466 0.5365671641791044
11 0.12490039840637451 0.7333830845771144 0.05800796812749004 0.1291044776119403
14 0.338406374501992 0.7413432835820895 0.08565737051792828 0.10880597014925374
6 0.26091633466135455 0.7391044776119403 0.07446215139442232 0.10238805970149253
19 0.4252589641434263 0.7364676616915423 0.059402390438247014 0.11074626865671643
4 0.4797211155378486 0.7355223880597015 0.05199203187250996 0.09711442786069652
23 0.5401593625498008 0.7378606965174129 0.07171314741035857 0.1017910447761194
7 0.6971713147410359 0.7391044776119403 0.07665338645418326 0.11019900497512437
4 0.7622310756972112 0.7355223880597015 0.05099601593625498 0.10492537313432836
17 0.8205577689243028 0.7370646766169154 0.06398406374501991 0.10024875621890547
18 0.32669322709163345 0.8317910447761194 0.04661354581673306 0.07502487562189054
11 0.3664541832669323 0.8333333333333334 0.03788844621513944 0.07815920398009951
14 0.3950597609561753 0.8437810945273632 0.0400796812749004 0.06975124378109453
6 0.43314741035856574 0.8548258706467662 0.03884462151394422 0.08208955223880597
0 0.4687649402390438 0.8399004975124378 0.03637450199203188 0.06199004975124379
13 0.5158964143426296 0.8420398009950248 0.04685258964143426 0.06233830845771144
4 0.5771713147410359 0.8346268656716418 0.055458167330677294 0.07875621890547263
4 0.6170119521912351 0.8436815920398011 0.03047808764940239 0.0637313432835821
17 0.6462151394422311 0.8429850746268657 0.03143426294820717 0.06039800995024876