2 0.3542666666666666 0.7682222222222223 0.08257777777777776 0.10537777777777778
17 0.41831111111111113 0.7707555555555555 0.05884444444444444 0.09368888888888888
4 0.4734222222222222 0.7751999999999999 0.051333333333333335 0.09146666666666665
0 0.5272 0.7779555555555555 0.0632888888888889 0.0859111111111111
19 0.5728888888888889 0.7774222222222221 0.0636 0.08479999999999999
8 0.6167555555555556 0.7725333333333333 0.031377777777777775 0.08342222222222222
21 0.6609333333333334 0.7758666666666666 0.07084444444444445 0.09008888888888889
18 0.46053333333333335 0.8549333333333334 0.03671111111111111 0.045422222222222225
14 0.6006222222222222 0.8555999999999999 0.03635555555555556 0.044000000000000004
20 0.5241777777777777 0.8536888888888889 0.031377777777777775 0.03662222222222222
3 0.5520888888888889 0.8528444444444444 0.02848888888888889 0.04502222222222223
8 0.5754666666666666 0.8541333333333334 0.013600000000000001 0.0492
19 0.4929777777777778 0.8481777777777778 0.036088888888888886 0.04231111111111111