11 0.502788844621514 0.3742786069651742 0.4326693227091633 0.5876119402985075
11 0.1152988047808765 0.722686567164179 0.07800796812749003 0.10626865671641791
14 0.18059760956175297 0.7238308457711443 0.06900398406374503 0.08606965174129354
6 0.2443426294820717 0.7251243781094527 0.0649003984063745 0.08865671641791045
19 0.3910358565737052 0.7218905472636815 0.0794820717131474 0.09507462686567164
4 0.459800796812749 0.7246268656716418 0.05804780876494024 0.08447761194029851
23 0.5253386454183268 0.7228358208955223 0.07605577689243027 0.09054726368159204
7 0.6761752988047809 0.7289552238805971 0.08681274900398406 0.096318407960199
17 0.8112350597609562 0.7286567164179105 0.07163346613545817 0.08925373134328358
18 0.3148605577689243 0.8180597014925374 0.05302788844621514 0.07233830845771144
8 0.3554581673306773 0.8202985074626865 0.030239043824701193 0.07039800995024875
13 0.4017131474103586 0.8198009950248756 0.06111553784860558 0.0790547263681592