20 0.583835294117647 0.6779260450160772 0.09175294117647058 0.15004823151125402
17 0.33682352941176474 0.6712218649517685 0.08401176470588236 0.13665594855305466
19 0.4975764705882353 0.6658681672025724 0.0800235294117647 0.12593247588424436
18 0.42308235294117646 0.672556270096463 0.08397647058823529 0.13934083601286174
25 0.6318705882352942 0.8561093247588425 0.08194117647058824 0.17953376205787783
15 0.5769764705882353 0.48231511254019294 0.06627058823529411 0.12861736334405144
10 0.6887176470588235 0.2947427652733119 0.07798823529411765 0.16612540192926045
4 0.6730352941176471 0.12593247588424436 0.10152941176470588 0.15541800643086817
3 0.5808941176470588 0.12191318327974277 0.07411764705882352 0.15808681672025723
2 0.49954117647058827 0.12459807073954984 0.08394117647058823 0.15808681672025723
1 0.4162235294117647 0.11789389067524116 0.08201176470588234 0.13934083601286174
1 0.3466235294117647 0.1085209003215434 0.09968235294117647 0.13130225080385852
9 0.6142235294117647 0.28938906752411575 0.0701764705882353 0.13397106109324758
8 0.5407058823529413 0.2987620578778135 0.06432941176470588 0.1420096463022508
7 0.47111764705882353 0.297427652733119 0.07807058823529411 0.14469453376205788
6 0.39269411764705886 0.297427652733119 0.08987058823529412 0.1714951768488746
5 0.3025176470588235 0.30278135048231514 0.09774117647058823 0.15004823151125402
12 0.33388235294117646 0.48231511254019294 0.09772941176470587 0.14469453376205788
13 0.42504705882352944 0.48633440514469456 0.08397647058823529 0.1420096463022508
14 0.5044352941176471 0.49303858520900323 0.0898235294117647 0.12861736334405144
21 0.6710823529411765 0.6631832797427653 0.08584705882352942 0.15808681672025723
23 0.4593529411764706 0.8641479099678456 0.08591764705882353 0.13665594855305466