15 0.6487053571428572 0.16714285714285712 0.1596875 0.204375
15 0.3925446428571429 0.4022767857142857 0.10870535714285715 0.13888392857142856
15 0.12549107142857144 0.40625 0.1549107142857143 0.14683035714285714
15 0.15178571428571427 0.6423660714285714 0.09834821428571429 0.12303571428571428
15 0.38062500000000005 0.6185714285714285 0.14441964285714287 0.19446428571428573
15 0.6362946428571429 0.6185714285714285 0.125 0.15477678571428571
15 0.8689285714285714 0.6232589285714286 0.10406249999999999 0.12946428571428573
15 0.13191964285714286 0.8378125 0.11821428571428572 0.13691964285714286
15 0.3917857142857143 0.8239285714285715 0.16174107142857141 0.1686607142857143
15 0.8775892857142857 0.8529464285714285 0.1660714285714286 0.201875
15 0.135625 0.1602232142857143 0.13058035714285715 0.15080357142857143