15 0.5231277533039648 0.41698198198198194 0.6088546255506608 0.7562612612612613
2 0.07277533039647577 0.8942792792792793 0.14559471365638765 0.10810810810810811
14 0.21731277533039647 0.8928378378378379 0.14938325991189425 0.09193693693693694
12 0.37057268722466963 0.8909459459459459 0.15123348017621144 0.09351351351351352
15 0.5186343612334802 0.8900450450450451 0.14273127753303963 0.08900900900900902
0 0.6508810572687225 0.8937387387387388 0.12955947136563878 0.09644144144144144
13 0.7879735682819383 0.8946846846846847 0.14048458149779736 0.09036036036036035
8 0.931409691629956 0.8910810810810811 0.1371806167400881 0.09117117117117117
19 0.33493392070484584 0.977072072072072 0.06511013215859031 0.04585585585585585
0 0.3994273127753304 0.9757657657657658 0.059779735682819385 0.048468468468468466
6 0.4611013215859031 0.9757657657657658 0.060837004405286346 0.048468468468468466
11 0.5204405286343612 0.9757657657657658 0.06136563876651982 0.048468468468468466
8 0.5624229074889868 0.9757657657657658 0.018898678414096915 0.048468468468468466
13 0.6011453744493392 0.9744144144144143 0.063215859030837 0.051126126126126124
4 0.6654185022026432 0.9744144144144143 0.06325991189427313 0.051126126126126124