17 0.12493333333333333 0.08693333333333332 0.15422222222222223 0.11359999999999999
17 0.3285777777777778 0.26124444444444445 0.12204444444444444 0.11653333333333332
17 0.13382222222222223 0.2536 0.09297777777777778 0.11604444444444444
17 0.1288888888888889 0.4172888888888889 0.10284444444444445 0.13235555555555556
17 0.1300888888888889 0.5841777777777778 0.12013333333333334 0.11062222222222222
17 0.13306666666666667 0.7454222222222222 0.10631111111111112 0.11208888888888889
17 0.32488888888888884 0.5861777777777777 0.12946666666666667 0.11457777777777778
17 0.32884444444444444 0.9079111111111111 0.13737777777777777 0.13084444444444446
17 0.5162222222222222 0.9044444444444445 0.122 0.11408888888888889
17 0.5142222222222222 0.7540888888888888 0.11804444444444444 0.11457777777777778
17 0.7065333333333333 0.5819555555555556 0.11253333333333333 0.13084444444444446
17 0.8964 0.41631111111111113 0.112 0.11062222222222222
17 0.8917333333333333 0.2563111111111111 0.0976888888888889 0.10666666666666667
17 0.8924444444444445 0.09777777777777778 0.1040888888888889 0.11555555555555555
17 0.5142222222222222 0.09137777777777777 0.09831111111111111 0.11257777777777778
17 0.71 0.09035555555555555 0.1096 0.11062222222222222
17 0.5189333333333334 0.4123555555555556 0.09284444444444445 0.12248888888888888
17 0.32613333333333333 0.41457777777777777 0.10724444444444443 0.12195555555555557
17 0.8971555555555556 0.9071555555555556 0.09866666666666667 0.1047111111111111
17 0.5164444444444445 0.5814666666666667 0.11755555555555555 0.13973333333333335