11 0.14031872509960158 0.6545771144278607 0.05760956175298805 0.11089552238805969
14 0.1994820717131474 0.6544278606965174 0.07442231075697212 0.09985074626865671
6 0.2730677290836654 0.6602487562189056 0.07812749003984064 0.09383084577114427
19 0.42569721115537845 0.6636318407960198 0.0649402390438247 0.11835820895522388
4 0.48219123505976097 0.6611442786069651 0.052589641434262945 0.10626865671641791
23 0.540796812749004 0.6618905472636816 0.07199203187250997 0.10766169154228857
7 0.6853386454183268 0.6588557213930348 0.08047808764940238 0.10517412935323384
17 0.8049800796812749 0.6599004975124377 0.06649402390438247 0.10019900497512438
18 0.2744621513944223 0.7761194029850746 0.06697211155378485 0.08388059701492537
0 0.47250996015936253 0.7835820895522388 0.04920318725099601 0.10592039800995025
13 0.5261354581673306 0.7775621890547263 0.05860557768924303 0.08671641791044776